time,Control,High_level,Expectation,Activity,robogame/imu_state.linear_acc.x,robogame/imu_state.linear_acc.y,robogame/imu_state.linear_acc.z,robogame/imu_state.gyro.z,robogame/imu_state.gyro.x,robogame/imu_state.gyro.y,/kinect_features/.ci,/kinect_features/.distance,/kinect_features/.proximity
0,High,Running,Very high,Very high,-1583,1276,2118,-6,5,-1,0.3484224379,1.5429852009,0.6571143866
0,High,Running,Very high,Very high,-1583,1276,2118,-6,5,-1,0.3484224379,1.5429852009,0.6571143866
0.0199873447,High,Running,Very high,Very high,-1963,1402,1916,-7,12,5,,,
0.0411179066,High,Running,Very high,Very high,-1898,1442,1848,-10,13,11,,,
0.0570015907,High,Running,Very high,Very high,-1566,1408,1672,-14,12,18,,,
0.0700519085,High,Running,Very high,Very high,,,,,,,0.3659847975,1.5883387327,0.6470358372
0.0771369934,High,Running,Very high,Very high,-713,1247,713,-19,21,23,,,
0.0976309776,High,Running,Very high,Very high,-452,1322,294,-20,26,15,,,
0.1188111305,High,Running,Very high,Very high,-337,1490,62,-19,28,4,,,
0.1384055614,High,Running,Very high,Very high,,,,,,,0.3467031419,1.6304346323,0.6376811862
0.1389157772,High,Running,Very high,Very high,-436,2136,26,-20,31,-10,,,
0.1588673592,High,Running,Very high,Very high,-610,2345,235,-18,30,-12,,,
0.1801085472,High,Running,Very high,Very high,-1094,2216,1318,-13,25,-11,,,
0.2003531456,High,Running,Very high,Very high,-1255,1960,2006,-9,23,-10,,,
0.2086606026,High,Running,Very high,Very high,,,,,,,0.3747081161,1.6678944826,0.6293567419
0.2204875946,High,Running,Very high,Very high,-1297,1798,2656,-4,21,-12,,,
0.24091959,High,Running,Very high,Very high,-1244,2340,3445,2,12,-16,,,
0.2635478973,High,Running,Very high,Very high,-1231,2875,3519,5,11,-21,,,
0.2668776512,High,Running,Very high,Very high,,,,,,,0.4333897233,1.6947184801,0.6233959198
0.2829854488,High,Running,Very high,Very high,-1172,3280,3619,7,7,-30,,,
0.3029751778,High,Running,Very high,Very high,-639,3219,3828,12,-16,-51,,,
0.3228387833,High,Running,Very high,Very high,-166,2942,3792,14,-23,-57,,,
0.3276388645,High,Running,Very high,Very high,,,,,,,0.4768787622,1.7079812288,0.6204485893
0.3440346718,High,Running,Very high,Very high,220,2710,3680,16,-28,-60,,,
0.364356041,High,Running,Very high,Very high,548,2638,3718,17,-33,-58,,,
0.3844673634,High,Running,Very high,Very high,718,2702,4060,16,-36,-57,,,
0.4002392292,High,Running,Very high,Very high,,,,,,,0.4978056848,1.6990845203,0.6224256754
0.405185461,High,Running,Very high,Very high,1004,2762,4383,11,-41,-54,,,
0.4251134396,High,Running,Very high,Very high,1402,2775,4326,-3,-52,-43,,,
0.4467992783,High,Running,Very high,Very high,1472,2613,3907,-7,-54,-38,,,
0.4668169022,High,Running,Very high,Very high,1601,1798,2035,-15,-50,-26,,,
0.4687423706,High,Running,Very high,Very high,,,,,,,0.5277581811,1.6636625528,0.630297184
0.4869029522,High,Running,Very high,Very high,1580,1193,598,-19,-39,-24,,,
0.5072741508,High,Running,Very high,Very high,1192,615,-822,-21,-28,-21,,,
0.5262284279,High,Running,Very high,Very high,,,,,,,0.5249342322,1.6120382547,0.64176929
0.5276083946,High,Running,Very high,Very high,-150,-530,-3508,-27,-12,-26,,,
0.5490758419,High,Running,Very high,Very high,-761,-863,-4450,-24,3,-53,,,
0.5691187382,High,Running,Very high,Very high,-979,-1223,-4384,-12,18,-84,,,
0.5893886089,High,Running,Very high,Very high,-839,-1483,-3130,-5,33,-115,,,
0.5943615437,High,Running,Very high,Very high,,,,,,,0.5114274621,1.5904835463,0.6465592384
0.6099147797,High,Running,Very high,Very high,-859,-1250,-806,-7,39,-127,,,
0.6304597855,High,Running,Very high,Very high,-1100,-582,2073,-16,29,-120,,,
0.6513171196,High,Running,Very high,Very high,-2577,472,5356,-35,13,-71,,,
0.6694624424,High,Running,Very high,Very high,,,,,,,0.4060516953,1.5278697014,0.6604734063
0.671882391,High,Running,Very high,Very high,-3094,901,6994,-28,18,-60,,,
0.6915419102,High,Running,Very high,Very high,-3662,2067,10167,-24,15,-34,,,
0.7127118111,High,Running,Very high,Very high,-3672,2811,10678,-27,20,-15,,,
0.7281732559,High,Running,Very high,Very high,,,,,,,0.3409978747,1.4793820381,0.671248436
0.7328186035,High,Running,Very high,Very high,-3331,3152,10739,-29,20,3,,,
0.7528436184,High,Running,Very high,Very high,-2946,3158,10481,-32,8,21,,,
0.7739503384,High,Running,Very high,Very high,-2693,3126,10117,-31,-7,25,,,
0.794011116,High,Running,Very high,Very high,-2309,2979,9381,-31,-30,31,,,
0.8033614159,High,Running,Very high,Very high,,,,,,,0.3944294751,1.4065971375,0.6874228716
0.8147418499,High,Running,Very high,Very high,-1877,1976,4916,-31,-59,58,,,
0.8349559307,High,Running,Very high,Very high,-1785,1545,1768,-34,-51,63,,,
0.8559019566,High,Running,Very high,Very high,-1769,1019,-1022,-36,-40,58,,,
0.872838974,High,Running,Very high,Very high,,,,,,,0.451721698,1.3172491789,0.7072779536
0.8756709099,High,Running,Very high,Very high,-1663,487,-3236,-35,-30,49,,,
0.896147728,High,Running,Very high,Very high,932,-180,-5606,-32,-8,-27,,,
0.9169504642,High,Running,Very high,Very high,3754,-1332,-5610,-30,4,-123,,,
0.937646389,High,Running,Very high,Very high,,,,,,,0.498013556,1.2446306944,0.7234153748
0.9380474091,High,Running,Very high,Very high,9107,-2458,588,0,25,-164,,,
0.9578511715,High,Running,Very high,Very high,9678,-2815,3446,-21,-34,-83,,,
0.9784095287,High,Running,Very high,Very high,7405,-4420,4048,-34,-66,-147,,,
0.9988343716,High,Running,Very high,Very high,5601,-4562,3978,-40,-71,-115,,,
1.0050466061,High,Running,Very high,Very high,,,,,,,0.5335341096,1.1514208317,0.7441287041
1.0194911957,High,Running,Very high,Very high,3910,-4603,2947,-43,-79,-75,,,
1.0397090912,High,Running,Very high,Very high,690,-3413,-1088,-51,-65,-56,,,
1.0605754852,High,Running,Very high,Very high,-982,-2297,-3100,-49,-51,-58,,,
1.0704455376,High,Running,Very high,Very high,,,,,,,0.482676059,1.0563547611,0.7652544975
1.0806598663,High,Running,Very high,Very high,-2471,-1034,-4733,-41,-34,-56,,,
1.1014118195,High,Running,Very high,Very high,-3805,3808,-4972,-21,-28,-73,,,
1.1220543385,High,Running,Very high,Very high,-3771,5423,-4730,-10,-35,-73,,,
1.1389484406,High,Running,Very high,Very high,-3523,5370,-4947,-6,-32,-61,,,
1.1429774761,High,Running,Very high,Very high,,,,,,,0.4290606678,0.9558423758,0.7875905633
1.1583695412,High,Running,Very high,Very high,-1963,3585,-5376,-3,-22,-32,,,
1.1795229912,High,Running,Very high,Very high,-650,2820,-5091,-1,-22,-37,,,
1.2002000809,High,Running,Very high,Very high,1450,877,-3513,0,-28,-29,,,
1.2095370293,High,Running,Very high,Very high,,,,,,,0.3303134143,0.8324683905,0.815007031
1.2203421593,High,Running,Very high,Very high,987,-1401,-2615,-4,1,-5,,,
1.2404236794,High,Running,Very high,Very high,354,-4704,-931,-19,68,9,,,
1.2607295513,High,Running,Very high,Very high,2175,-4941,5851,-46,30,-103,,,
1.2713522911,High,Running,Very high,Very high,,,,,,,0.2740262449,0.7239857316,0.8391143084
1.2812228203,High,Running,Very high,Very high,1477,-4752,7197,-32,-8,-99,,,
1.3024806976,High,Running,Very high,Very high,1072,-3375,7252,-27,-3,-75,,,
1.3222460747,High,Running,Very high,Very high,1031,-1587,6279,-23,-7,-42,,,
1.3431761265,High,Running,Very high,Very high,663,-1379,5158,-26,-19,-32,,,
1.3442482948,High,Running,Very high,Very high,,,,,,,0.2735242248,0.6428995728,0.8571334481
1.363036871,High,Running,Very high,Very high,-38,-1224,3666,-24,-27,-36,,,
1.3843648434,High,Running,Very high,Very high,-239,-1785,1373,-18,-12,-71,,,
1.4049119949,High,Running,Very high,Very high,1613,-2569,2879,-23,-11,-108,,,
1.411853075,High,Running,Very high,Very high,,,,,,,0.3448571861,0.6120272279,0.8639939427
1.4247691631,High,Running,Very high,Very high,1992,-3979,4658,-24,-22,-118,,,
1.4464335442,High,Running,Very high,Very high,2220,-6315,5740,-34,13,1,,,
1.4659605026,High,Running,Very high,Very high,2627,-5885,6046,-39,1,23,,,
1.4705512524,High,Running,Very high,Very high,,,,,,,0.5117076635,0.5302535892,0.8821658492
1.4866242409,High,Running,Very high,Very high,1521,-4812,4203,-25,7,-29,,,
1.5108966827,High,Running,Very high,Very high,1066,-4663,3371,-21,11,-32,,,
1.5310370922,High,Running,Very high,Very high,1097,-4503,2663,-22,17,-22,,,
1.5340607166,High,Running,Very high,Very high,,,,,,,0.7132701278,0.4235034287,0.9058881402
1.5516240597,High,Running,Very high,Very high,1797,-3774,1945,-27,23,-18,,,
1.5732469559,High,Running,Very high,Very high,2091,-3420,1661,-27,21,-24,,,
1.5928146839,High,Running,Very high,Very high,2105,-2893,879,-21,20,-25,,,
1.6065440178,High,Running,Very high,Very high,,,,,,,0.8170494437,0.7501317263,0.8333040476
1.6131868362,High,Running,Very high,Very high,1907,-2611,603,-17,22,-23,,,
1.6342902184,High,Running,Very high,Very high,1679,-2348,436,-13,21,-16,,,
1.6547226906,High,Running,Very high,Very high,1389,-1927,46,-7,17,-6,,,
1.6665043831,High,Running,Very high,Very high,,,,,,,0.7347044349,0.4182130396,0.9070637822
1.6748125553,High,Running,Very high,Very high,1804,-1767,-143,-5,17,-8,,,
1.6956751347,High,Running,Very high,Very high,2404,-1729,-164,-3,15,-13,,,
1.7158472538,High,Running,Very high,Very high,3086,-1614,210,-1,6,-25,,,
1.7292106152,High,Running,Very high,Very high,,,,,,,0.692453146,0.5359349251,0.8809033632
1.7361197472,High,Running,Very high,Very high,2912,-1410,365,-2,-1,-23,,,
1.7563540936,High,Running,Very high,Very high,2523,-1156,465,-5,-5,-14,,,
1.7770595551,High,Running,Very high,Very high,1517,-1392,800,-7,-15,12,,,
1.7972621918,High,Running,Very high,Very high,882,-1501,860,-6,-10,18,,,
1.8015315533,High,Running,Very high,Very high,,,,,,,0.7232965231,0.5392673612,0.8801628351
1.8178246021,High,Running,Very high,Very high,606,-438,1729,-8,-4,5,,,
1.8391857147,High,Running,Very high,Very high,817,227,2404,-9,-5,1,,,
1.8591151237,High,Running,Very high,Very high,1175,711,3010,-8,-10,4,,,
1.8714513779,High,Running,Very high,Very high,,,,,,,0.67966187,0.3401640654,0.924407959
1.8751626015,High,Running,Very high,Very high,1248,1078,3204,-11,-31,14,,,
1.8954925537,High,Running,Very high,Very high,887,1117,2641,-11,-29,15,,,
1.9174876213,High,Running,Very high,Very high,650,1238,2182,-9,-24,15,,,
1.938069582,High,Running,Very high,Very high,711,1424,1726,-8,-27,15,,,
1.9433317184,High,Running,Very high,Very high,,,,,,,0.7514952421,0.544195354,0.879067719
1.9570262432,High,Running,Very high,Very high,917,1503,1521,-8,-30,16,,,
1.9778904915,High,Running,Very high,Very high,1015,1460,1261,-8,-35,18,,,
1.9979400635,High,Running,Very high,Very high,817,1048,489,-6,-41,17,,,
2.0040240288,High,Running,Very high,Very high,,,,,,,0.7875394821,0.4326653481,0.9038521647
2.018640995,High,Running,Very high,Very high,708,823,10,-4,-36,13,,,
2.0396544933,High,Running,Very high,Very high,707,682,-356,-2,-29,10,,,
2.0594217777,High,Running,Very high,Very high,801,690,-492,-1,-22,8,,,
2.0714597702,High,Running,Very high,Very high,,,,,,,0.4623493552,0.618311584,0.8625974059
2.0813791752,High,Running,Very high,Very high,760,731,-458,-1,-20,9,,,
2.1017789841,High,Running,Very high,Very high,899,708,7,-1,-12,8,,,
2.121642828,High,Running,Very high,Very high,1016,554,459,-1,-9,7,,,
2.1379892826,High,Running,Very high,Very high,,,,,,,0.8080022335,0.6224241853,0.8616834879
2.1416389942,High,Running,Very high,Very high,982,365,913,-1,-8,7,,,
2.1617453098,High,Running,Very high,Very high,704,177,1569,0,1,13,,,
2.1826667786,High,Running,Very high,Very high,824,207,1860,0,3,12,,,
2.2044780254,High,Running,Very high,Very high,1043,231,2134,0,2,11,,,
2.2088217735,High,Running,Very high,Very high,,,,,,,0.8001611233,0.6162372231,0.8630583882
2.2231779099,High,Running,Very high,Very high,1215,102,2229,0,0,7,,,
2.244371891,High,Running,Very high,Very high,1254,55,2041,0,2,5,,,
2.264503479,High,Running,Very high,Very high,1308,-1,1815,-1,3,3,,,
2.2649908066,High,Running,Very high,Very high,,,,,,,0.7727004886,0.6137962341,0.8636008501
2.2856786251,High,Running,Very high,Very high,1426,-142,1459,-2,7,-4,,,
2.3056960106,High,Running,Very high,Very high,1392,-90,1392,-3,9,-6,,,
2.3255596161,High,Inactive,Very high,Very high,1099,304,1565,-1,11,-5,,,
2.328083992,High,Inactive,Very high,Very high,,,,,,,0.7179988027,0.574110806,0.8724198341
2.3466629982,High,Inactive,Very high,Very high,991,494,1753,0,10,-3,,,
2.3680593967,High,Inactive,Very high,Very high,892,593,1929,1,9,0,,,
2.388127327,High,Inactive,Very high,Very high,687,641,2129,1,6,-1,,,
2.4062788486,High,Inactive,Very high,Very high,,,,,,,0.7381916046,0.6145228148,0.8634393811
2.4083848,High,Inactive,Very high,Very high,664,623,2154,1,3,-2,,,
2.4282507896,High,Inactive,Very high,Very high,689,665,2110,1,2,-3,,,
2.4486813545,High,Inactive,Very high,Very high,801,866,1863,2,2,-5,,,
2.4666087627,High,Inactive,Very high,Very high,,,,,,,0.6439000368,0.6043919921,0.8656906486
2.4700877666,High,Inactive,Very high,Very high,818,927,1756,2,3,-5,,,
2.4895367622,High,Inactive,Very high,Very high,761,969,1654,3,5,-2,,,
2.5100719929,High,Inactive,Very high,Very high,520,1070,1748,3,7,2,,,
2.5290629864,High,Inactive,Very high,Very high,,,,,,,0.6626152396,0.597712338,0.8671750426
2.5305306911,High,Inactive,Very high,Very high,462,1103,1928,3,7,2,,,
2.5513174534,High,Inactive,Very high,Very high,477,1114,2105,3,6,1,,,
2.5721480846,High,Inactive,Very high,Very high,507,965,2338,2,0,0,,,
2.591136694,High,Inactive,Very high,Very high,,,,,,,0.6626152396,0.0050883158,0.9988692403
2.592079401,High,Inactive,Very high,Very high,476,842,2289,2,-1,2,,,
2.6135940552,High,Inactive,Very high,Very high,432,699,2137,0,1,4,,,
2.6337871552,High,Inactive,Very high,Very high,440,738,2155,-1,3,4,,,
2.654812336,High,Inactive,Very high,Very high,466,796,2214,-1,4,4,,,
2.6634795666,High,Inactive,Very high,Very high,,,,,,,0.7099434733,0.4128965735,0.9082452059
2.6746678352,High,Inactive,Very high,Very high,599,831,2326,-2,2,5,,,
2.6947329044,High,Inactive,Very high,Very high,627,833,2323,-3,0,5,,,
2.7169630527,High,Inactive,Very high,Very high,620,845,2317,-4,-1,5,,,
2.736259222,High,Inactive,Very high,Very high,515,964,2336,-5,-3,4,,,
2.7392845154,High,Inactive,Very high,Very high,,,,,,,0.7019073367,0.4281712174,0.9048508406
2.7559621334,High,Inactive,Very high,Very high,438,1013,2304,-5,-4,5,,,
2.7763767242,High,Inactive,Very high,Very high,403,1048,2258,-6,-4,5,,,
2.7959606647,High,Inactive,Very high,Very high,,,,,,,0.7019073367,0.2468486726,0.9451447129
2.7968478203,High,Inactive,Very high,Very high,358,1081,1987,-6,-5,5,,,
2.8176505566,High,Inactive,Very high,Very high,389,1136,1789,-5,-3,4,,,
2.8380317688,High,Inactive,Very high,Very high,366,1196,1610,-3,-1,4,,,
2.8562924862,High,Inactive,Very high,Very high,,,,,,,0.7162282467,0.511179328,0.8864045739
2.8582880497,High,Inactive,Very high,Very high,359,1264,1478,-1,0,5,,,
2.8790721893,High,Inactive,Very high,Very high,368,1338,1397,1,2,6,,,
2.8997683525,High,Inactive,Very high,Very high,384,1370,1446,4,4,6,,,
2.9195504189,High,Inactive,Very high,Very high,392,1303,1546,4,3,6,,,
2.9207804203,High,Inactive,Very high,Very high,,,,,,,0.7061443329,0.5977980494,0.8671559691
2.9404289722,High,Inactive,Very high,Very high,390,1180,1627,4,2,7,,,
2.9569108486,High,Inactive,Very high,Very high,543,943,1695,4,3,3,,,
2.9777164459,High,Inactive,Very high,Very high,641,816,1821,4,5,0,,,
2.9974300861,High,Inactive,Very high,Very high,678,668,1985,4,5,-1,,,
3.0043480396,Very high,Inactive,Very high,Very high,,,,,,,0.5224878192,0.5313442349,0.8819234967
3.0178375244,Very high,Inactive,Very high,Very high,689,512,2125,2,6,-2,,,
3.0387165546,Very high,Inactive,Very high,Very high,737,503,2163,1,6,-2,,,
3.0593314171,Very high,Inactive,Very high,Very high,817,456,2176,1,6,-4,,,
3.064463377,Very high,Inactive,Very high,Very high,,,,,,,0.4855840504,3.7584831715,0.1647815108
3.0802025795,Very high,Inactive,Very high,Very high,941,324,2034,0,4,-7,,,
3.102240324,Very high,Inactive,Very high,Very high,993,289,1900,0,4,-9,,,
3.1206445694,Very high,Inactive,Very high,Very high,1130,146,1540,0,5,-15,,,
3.1355130672,Very high,Inactive,Very high,Very high,,,,,,,0.5698499084,3.269888401,0.2733581066
3.1410272121,Very high,Inactive,Very high,Very high,1261,28,1276,-1,5,-20,,,
3.1611788273,Very high,Inactive,Very high,Very high,1440,-84,975,-2,6,-24,,,
3.1822559834,Very high,Inactive,Very high,Very high,1520,-251,379,-2,7,-31,,,
3.2002265453,Very high,Inactive,Very high,Very high,,,,,,,0,0,0
3.2031807899,Very high,Inactive,Very high,Very high,1447,-365,9,-1,5,-35,,,
3.2230901718,Very high,Inactive,Very high,Very high,1499,-527,-434,-1,4,-40,,,
3.2433078289,Very high,Inactive,Very high,Very high,1877,-968,-1223,-1,15,-56,,,
3.2519028187,Very high,Inactive,Very high,Very high,,,,,,,0,0,0
3.26364398,Very high,Inactive,Very high,Very high,1680,-1277,-1500,1,16,-61,,,
3.2851107121,Very high,Inactive,Very high,Very high,1224,-1417,-1787,4,13,-61,,,
3.3072714806,Very high,Inactive,Very high,Very high,848,-1228,-1012,17,17,-57,,,
3.3229148388,Very high,Inactive,Very high,Very high,,,,,,,0,0,0
3.3251736164,Very high,Inactive,Very high,Very high,1087,-1351,329,21,12,-54,,,
3.3466467857,Very high,Inactive,Very high,Very high,1277,-1649,1713,23,5,-54,,,
3.3666837215,Very high,Inactive,Very high,Very high,1319,-2164,3164,26,-1,-57,,,
3.3897166252,Very high,Inactive,Very high,Very high,,,,,,,0,0,0
3.391546011,Very high,Inactive,Very high,Very high,1408,-2926,4865,27,-6,-52,,,
3.4073946476,Very high,Inactive,Very high,Very high,1837,-4340,8041,18,-24,-38,,,
3.4279625416,Very high,Inactive,Very high,Very high,1869,-4872,8690,16,-31,-32,,,
3.449154377,Very high,Inactive,Very high,Very high,1901,-5331,8995,13,-36,-25,,,
3.4509131908,Very high,Inactive,Very high,Very high,,,,,,,0,0,0
3.46930933,Very high,Inactive,Very high,Very high,1806,-5868,8778,2,-46,-16,,,
3.4900038242,Very high,Inactive,Very high,Very high,1796,-5744,8110,-6,-47,-19,,,
3.5002937317,Very high,Inactive,Very high,Very high,,,,,,,0,0,0
3.5105290413,Very high,Inactive,Very high,Very high,1802,-5396,7045,-14,-45,-22,,,
3.5297517776,Very high,Inactive,Very high,Very high,1111,-3517,4339,-24,-35,5,,,
3.5507712364,Very high,Inactive,Very high,Very high,229,-1958,3063,-25,-29,40,,,
3.5642316341,Very high,Inactive,Very high,Very high,,,,,,,0,0,0
3.572742939,Very high,Inactive,Very high,Very high,-1082,31,1364,-32,-12,66,,,
3.5911736488,Very high,Inactive,Very high,Very high,-1008,4643,-232,-34,45,11,,,
3.6121788025,Very high,Inactive,Very high,Very high,-505,6499,939,-16,49,-2,,,
3.6313700676,Very high,Inactive,Very high,Very high,,,,,,,0,0,0
3.6327180862,Very high,Inactive,Very high,Very high,-545,7340,4480,-1,42,17,,,
3.6534576416,Very high,Inactive,Very high,Very high,-544,6314,5794,-5,25,27,,,
3.6741247177,Very high,Inactive,Very high,Very high,-517,4982,5798,-11,10,39,,,
3.6936538219,Very high,Inactive,Very high,Very high,641,3686,3741,-10,12,17,,,
3.6949698925,Very high,Inactive,Very high,Very high,,,,,,,0,0,0
3.7146105766,Very high,Inactive,Very high,Very high,1425,3299,2677,-9,11,6,,,
3.7360980511,Very high,Inactive,Very high,Very high,1946,2765,1344,-11,8,1,,,
3.7555923462,Very high,Inactive,Very high,Very high,1718,1598,-2305,-19,10,8,,,
3.767386198,Very high,Inactive,Very high,Very high,,,,,,,0.5068032742,0.6329345107,0.8593478799
3.7758376598,Very high,Inactive,Very high,Very high,1065,992,-4381,-20,25,11,,,
3.7960042953,Very high,Inactive,Very high,Very high,700,502,-6211,-15,47,3,,,
3.8167603016,Very high,Inactive,Very high,Very high,1988,83,-8796,-12,73,-22,,,
3.8382766247,Very high,Inactive,Very high,Very high,3501,-289,-9611,-11,54,-33,,,
3.8417320251,Very high,Inactive,Very high,Very high,,,,,,,0.6631932855,0.3436576128,0.9236316681
3.8576104641,Very high,Inactive,Very high,Very high,4822,-1516,-9428,-1,33,-53,,,
3.8781394958,Very high,Inactive,Very high,Very high,4374,-1870,-8032,-12,25,-50,,,
3.9012143612,Very high,Inactive,Very high,Very high,3420,-1793,-6895,-17,23,-48,,,
3.9134349823,Very high,Inactive,Very high,Very high,,,,,,,0.5241609812,0.5312091112,0.8819535375
3.9197480679,Very high,Inactive,Very high,Very high,2447,-1383,-5831,-20,17,-53,,,
3.9396986961,Very high,Inactive,Very high,Very high,473,472,-3175,-7,32,-82,,,
3.9602868557,Very high,Inactive,Very high,Very high,-333,1903,-936,7,48,-67,,,
3.9778866768,Very high,Inactive,Very high,Very high,,,,,,,0.5881636143,0.5739234686,0.8724614382
3.9811785221,Very high,Inactive,Very high,Very high,1255,1142,1544,-2,11,-29,,,
4.0059366226,Very high,Inactive,Very high,Very high,1693,634,1192,-13,4,-16,,,
4.0214834213,Very high,Inactive,Very high,Very high,732,1848,535,-33,-14,50,,,
4.0389647484,Very high,Inactive,Very high,Very high,,,,,,,0.7627901435,0.5316578746,0.8818538189
4.0420024395,Very high,Inactive,Very high,Very high,-234,3079,32,-36,-5,54,,,
4.0623300076,Very high,Inactive,Very high,Very high,-1882,4423,-182,-26,36,35,,,
4.0831596851,Very high,Inactive,Very high,Very high,-4884,6062,3041,-19,87,-24,,,
4.1042175293,Very high,Inactive,Very high,Very high,-3257,7749,6742,12,56,-21,,,
4.1064231396,Very high,Blocking,Very high,Very high,,,,,,,0,0,0
4.1236908436,Very high,Blocking,Very high,Very high,-530,8717,10002,26,2,-23,,,
4.1447122097,Very high,Blocking,Very high,Very high,-2750,7730,8656,6,18,61,,,
4.1650493145,Very high,Blocking,Very high,Very high,-3263,6472,7221,2,27,61,,,
4.1805956364,Very high,Blocking,Very high,Very high,,,,,,,0,0,0
4.1862232685,Very high,Blocking,Very high,Very high,-3062,5513,6718,-4,32,57,,,
4.206040144,Very high,Blocking,Very high,Very high,-2039,5556,7368,-8,24,57,,,
4.2271652222,Very high,Blocking,Very high,Very high,-1697,6276,7775,-1,24,60,,,
4.2312443256,Very high,Blocking,Very high,Very high,,,,,,,0,0,0
4.2470583916,Very high,Blocking,Very high,Very high,-2184,7414,8154,9,21,73,,,
4.2690117359,Very high,Blocking,Very high,Very high,-2550,7251,8155,10,19,74,,,
4.2880220413,Very high,Blocking,Very high,Very high,-2493,6574,7966,11,17,72,,,
4.3038110733,Very high,Blocking,Very high,Very high,,,,,,,0.6781466007,0.5497093797,0.8778423667
4.3081655502,Very high,Blocking,Very high,Very high,-2239,5625,7713,15,21,68,,,
4.3286290169,Very high,Blocking,Very high,Very high,-1999,4439,7673,19,23,63,,,
4.349193573,Very high,Blocking,Very high,Very high,-1619,3182,7828,21,13,55,,,
4.3683826923,Very high,Blocking,Very high,Very high,,,,,,,0.6781466007,0,1
4.3704209328,Very high,Blocking,Very high,Very high,-621,971,7484,24,-15,27,,,
4.394030571,Very high,Blocking,Very high,Very high,-106,240,6804,20,-28,19,,,
4.4149656296,Very high,Blocking,Very high,Very high,429,-414,5714,16,-37,6,,,
4.4310798645,Very high,Blocking,Very high,Very high,,,,,,,0.6781466007,0,1
4.4365282059,Very high,Blocking,Very high,Very high,959,-961,4613,10,-49,-15,,,
4.4557209015,Very high,Blocking,Very high,Very high,1395,-1436,3610,7,-61,-29,,,
4.4762883186,Very high,Blocking,Very high,Very high,1974,-2269,1281,-3,-79,-20,,,
4.4960713387,Very high,Blocking,Very high,Very high,,,,,,,0.5780130625,0.5667020679,0.8740662336
4.49645257,Very high,Blocking,Very high,Very high,1523,-2400,-258,-8,-76,-2,,,
4.5173873901,Very high,Blocking,Very high,Very high,-153,-2178,-3509,-10,-39,29,,,
4.5383598804,Very high,Blocking,Very high,Very high,-138,-1656,-4478,-14,-23,39,,,
4.558185339,Very high,Blocking,Very high,Very high,595,-750,-4987,-16,-9,37,,,
4.5690846443,Very high,Blocking,Very high,Very high,,,,,,,0.5802875757,3.9300775528,0.1266494393
4.5795235634,Very high,Blocking,Very high,Very high,1694,1208,-5140,-12,10,25,,,
4.5994377136,Very high,Blocking,Very high,Very high,1717,1986,-4964,-8,9,33,,,
4.6197714806,Very high,Blocking,Very high,Very high,1892,2617,-4930,-5,4,34,,,
4.6404533386,Very high,Blocking,Very high,Very high,2196,3039,-5431,-8,-6,25,,,
4.6463427544,Very high,Blocking,Very high,Very high,,,,,,,0.4987782836,3.669380188,0.1845821738
4.6603460312,Very high,Blocking,Very high,Very high,2162,2837,-5801,-10,-9,16,,,
4.6818387508,Very high,Blocking,Very high,Very high,2102,2489,-6171,-11,-11,6,,,
4.7022612095,Very high,Blocking,Very high,Very high,1930,1761,-6786,-8,5,1,,,
4.7069368362,Very high,Blocking,Very high,Very high,,,,,,,0.4448757768,3.095760107,0.3120533228
4.7217595577,Very high,Blocking,Very high,Very high,1649,1746,-6541,-3,22,19,,,
4.7425205708,Very high,Blocking,Very high,Very high,1399,1768,-5827,-3,38,35,,,
4.7627778053,Very high,Blocking,Very high,Very high,1495,970,-3439,-20,54,-9,,,
4.7692520618,Very high,Blocking,Very high,Very high,,,,,,,0.545637846,0.558165431,0.8759632111
4.7835919857,Very high,Blocking,Very high,Very high,2341,147,-2244,-27,34,-57,,,
4.8040115833,Very high,Blocking,Very high,Very high,2325,-1105,-2198,-28,5,-99,,,
4.8244969845,Very high,Blocking,Very high,Very high,-925,-2700,-3915,-11,37,-130,,,
4.8362150192,Very high,Blocking,Very high,Very high,,,,,,,0.7381158471,0.4840578735,0.8924316168
4.8451344967,Very high,Blocking,Very high,Very high,-3875,-3075,-3484,11,129,-85,,,
4.865020752,Very high,Blocking,Very high,Very high,60,-3943,3509,44,158,-57,,,
4.8860650063,Very high,Blocking,Very high,Very high,4533,-3786,5665,8,49,-38,,,
4.9065485001,Very high,Blocking,Very high,Very high,6660,-4320,6856,-12,-35,-39,,,
4.9132943153,Very high,Blocking,Very high,Very high,,,,,,,0.6778326035,0.5247101188,0.883397758
4.9264750481,Very high,Blocking,Very high,Very high,3907,-5732,7246,-5,-25,-63,,,
4.9472362995,Very high,Blocking,Very high,Very high,2668,-5381,7532,-2,-24,-39,,,
4.9682548046,Very high,Blocking,Very high,Very high,2017,-4627,7965,4,-26,-18,,,
4.9843456745,Very high,Blocking,Very high,Very high,1813,-2106,7848,8,-30,10,,,
4.9972786903,Very high,Blocking,Very high,Very high,,,,,,,0.7392302752,0.4505801797,0.8998710513
5.0047006607,Very high,Blocking,Very high,Very high,1403,-1005,6219,6,-25,24,,,
5.0248045921,Very high,Blocking,Very high,Very high,-1341,656,2779,4,-3,63,,,
5.0459742546,Very high,Blocking,Very high,Very high,-2534,1390,1547,3,15,62,,,
5.0661222935,Very high,Blocking,Very high,Very high,-1722,2646,1886,5,24,4,,,
5.0730843544,Very high,Blocking,Very high,Very high,,,,,,,0.7353073955,0.5657122135,0.8742861748
5.0864007473,Very high,Blocking,Very high,Very high,-204,4148,3687,6,0,-43,,,
5.1075553894,Very high,Blocking,Very high,Very high,368,4540,4467,0,-37,-31,,,
5.1272289753,Very high,Blocking,Very high,Very high,-585,4366,3638,-4,-47,2,,,
5.1428816319,Very high,Blocking,Very high,Very high,,,,,,,0.7204129696,0.5440682769,0.879095912
5.1479175091,Very high,Blocking,Very high,Very high,-2412,4232,639,-2,-4,21,,,
5.1694288254,Very high,Blocking,Very high,Very high,-1577,4589,178,-5,6,4,,,
5.1894333363,Very high,Blocking,Very high,Very high,-522,4630,84,-13,-1,0,,,
5.2095384598,Very high,Blocking,Very high,Very high,-136,2938,-1534,-18,-6,11,,,
5.217464447,Very high,Blocking,Very high,Very high,,,,,,,0.7220150828,0.5165212154,0.8852174878
5.2296347618,Very high,Blocking,Very high,Very high,151,1907,-2604,-22,-1,7,,,
5.2503809929,Very high,Blocking,Very high,Very high,853,1085,-3390,-25,-4,5,,,
5.2719111443,Very high,Blocking,Very high,Very high,2164,297,-5017,-34,-8,23,,,
5.2912302017,Very high,Blocking,Very high,Very high,2705,566,-5745,-31,-2,40,,,
5.2921581268,Very high,Blocking,Very high,Very high,,,,,,,0.7220150828,0.2460270673,0.9453273416
5.3119354248,Very high,Blocking,Very high,Very high,3511,1335,-6232,-23,-1,45,,,
5.3328108788,Very high,Blocking,Very high,Very high,3718,1497,-5763,-23,-7,38,,,
5.3531284332,Very high,Blocking,Very high,Very high,3526,1560,-5101,-25,-15,34,,,
5.3689455986,Very high,Blocking,Very high,Very high,,,,,,,0.6840085983,0.5107898712,0.8864911199
5.3738079071,Very high,Blocking,Very high,Very high,2074,1954,-4042,-35,-14,30,,,
5.3934550285,Very high,Blocking,Very high,Very high,1097,2214,-3575,-36,-6,33,,,
5.4139888287,Very high,Blocking,Very high,Very high,204,2340,-2415,-31,11,35,,,
5.43516469,Very high,Blocking,Very high,Very high,-3623,2691,2496,-22,91,1,,,
5.4419465065,Very high,Blocking,Very high,Very high,,,,,,,0.7793334723,0.5235030651,0.8836659789
5.4550249577,Very high,Blocking,Very high,Very high,-4024,4944,6198,-6,53,7,,,
5.4755814075,Very high,Blocking,Very high,Very high,-4516,6219,8514,6,29,21,,,
5.4958837032,Very high,Blocking,Very high,Very high,-2554,6435,10910,18,20,33,,,
5.5030589104,Very high,Blocking,Very high,Very high,,,,,,,0.7400868535,0.5046257377,0.8878609538
5.5167944431,Very high,Blocking,Very high,Very high,-2004,5575,11351,19,4,36,,,
5.5376148224,Very high,Blocking,Very high,Very high,-1477,3306,9511,28,1,24,,,
5.5574264526,Very high,Blocking,Very high,Very high,-1174,2460,8559,35,-7,2,,,
5.5761752129,Very high,Blocking,Very high,Very high,,,,,,,0.7550506592,0.5269374251,0.882902801
5.577855587,Very high,Blocking,Very high,Very high,-857,1691,7622,40,-20,-17,,,
5.5985469818,Very high,Blocking,Very high,Very high,-232,97,5622,37,-31,-32,,,
5.6190834045,Very high,Blocking,Very high,Very high,203,-821,4660,33,-34,-37,,,
5.6356282234,Very high,Blocking,Very high,Very high,,,,,,,0.7550506592,0.0958885476,0.9786914587
5.639909029,Very high,Blocking,Very high,Very high,670,-1524,3578,27,-38,-45,,,
5.6596736908,Very high,Blocking,Very high,Very high,910,-1827,2308,23,-41,-48,,,
5.6807420254,Very high,Blocking,Very high,Very high,796,-1728,-235,19,-29,-34,,,
5.7006139755,Very high,Blocking,Very high,Very high,628,-1577,-1195,17,-21,-25,,,
5.7016015053,Very high,Blocking,Very high,Very high,,,,,,,0.7550506592,0,1
5.7214100361,Very high,Blocking,Very high,Very high,593,-1175,-2274,17,-5,-17,,,
5.7426013947,Very high,Blocking,Very high,Very high,811,-807,-2411,19,3,-7,,,
5.7623803616,Very high,Blocking,Very high,Very high,1072,-423,-2394,20,11,2,,,
5.7661581039,Very high,Blocking,Very high,Very high,,,,,,,0.7550506592,0.2887812257,0.9358264208
5.7832336426,Very high,Blocking,Very high,Very high,922,263,-1905,24,19,24,,,
5.8064570427,Very high,Blocking,Very high,Very high,537,608,-1810,24,18,35,,,
5.8237094879,Very high,Blocking,Very high,Very high,240,1516,-2150,18,13,39,,,
5.8303084373,Very high,Blocking,Very high,Very high,,,,,,,0.7550506592,0.1704859287,0.9621142149
5.8442668915,Very high,Blocking,Very high,Very high,328,1804,-2212,15,4,35,,,
5.8644740582,Very high,Blocking,Very high,Very high,454,1764,-2208,7,-7,31,,,
5.8856236935,Very high,Blocking,Very high,Very high,941,1189,-1904,0,-17,16,,,
5.9061419964,Very high,Blocking,Very high,Very high,1381,773,-1521,-1,-15,10,,,
5.9175877571,Very high,Blocking,Very high,Very high,,,,,,,0.5360924602,0.4601790309,0.8977379799
5.9258835316,Very high,Blocking,Very high,Very high,1568,458,-859,-5,-13,6,,,
5.9465327263,Very high,Blocking,Very high,Very high,128,705,916,-18,-16,0,,,
5.9678738117,Very high,Blocking,Very high,Very high,-334,1100,1374,-19,-29,-16,,,
5.9877614975,Very high,Blocking,Very high,Very high,-536,1520,1348,-14,-35,-30,,,
6.0058882236,Very high,Blocking,Very high,Very high,,,,,,,0.4652933478,0.5112414956,0.8863908052
6.0079882145,Very high,Blocking,Very high,Very high,-147,2494,1573,4,-21,-32,,,
6.0283102989,Very high,Blocking,Very high,Very high,224,2312,1980,9,-26,-29,,,
6.0494740009,Very high,Blocking,Very high,Very high,247,252,1135,-9,-38,-39,,,
6.0699765682,Very high,Blocking,Very high,Very high,-69,-867,438,-7,-25,-45,,,
6.0856997967,Very high,Blocking,Very high,Very high,-399,-1727,197,-5,1,-46,,,
6.0858931541,Very high,Blocking,Very high,Very high,,,,,,,0.2505425811,0.5333735347,0.881472528
6.1065785885,Very high,Blocking,Very high,Very high,-167,-2520,1991,-3,35,-34,,,
6.1267766953,Very high,Blocking,Very high,Very high,383,-2825,3673,-9,29,-29,,,
6.1478610039,Very high,Blocking,Very high,Very high,893,-2827,4925,-15,13,-23,,,
6.1683158875,Very high,Blocking,Very high,Very high,1081,-2185,4925,-18,-11,-18,,,
6.1728849411,Very high,Blocking,Very high,Very high,,,,,,,0.224116385,0.5504297018,0.8776822686
6.1880369186,Very high,Blocking,Very high,Very high,580,-1831,4148,-21,-10,-5,,,
6.2091684341,Very high,Blocking,Very high,Very high,191,-1385,3302,-22,-5,0,,,
6.228962183,Very high,Blocking,Very high,Very high,93,-643,2333,-19,7,-3,,,
6.2494966984,Very high,Blocking,Very high,Very high,102,-414,2512,-18,9,0,,,
6.2708296776,Very high,Blocking,Very high,Very high,175,-190,2878,-17,6,3,,,
6.2724425793,Very high,Blocking,Very high,Very high,,,,,,,0.2716360986,0.6067355275,0.8651698828
6.2905929089,Very high,Blocking,Very high,Very high,547,104,3076,-15,-3,10,,,
6.3110232353,Very high,Blocking,Very high,Very high,660,156,2929,-14,-7,13,,,
6.3319878578,Very high,Blocking,Very high,Very high,410,334,2522,-10,-10,18,,,
6.3524985313,Very high,Blocking,Very high,Very high,274,353,2257,-9,-11,20,,,
6.3525848389,Very high,Blocking,Very high,Very high,,,,,,,0.282997638,0.6879919767,0.8471128941
6.3730287552,Very high,Blocking,Very high,Very high,238,323,1984,-7,-12,19,,,
6.3928616047,Very high,Blocking,Very high,Very high,230,178,1565,-1,-13,17,,,
6.4144787788,Very high,Blocking,Very high,Very high,136,147,1367,2,-14,19,,,
6.4350993633,Very high,Blocking,Very high,Very high,95,164,1147,3,-14,20,,,
6.4375426769,Very high,Blocking,Very high,Very high,,,,,,,0.310243547,0.5199659467,0.8844519854
6.454627037,Very high,Blocking,Very high,Very high,141,204,799,6,-13,16,,,
6.4752824306,Very high,Blocking,Very high,Very high,230,111,674,6,-14,14,,,
6.4957172871,Very high,Blocking,Very high,Very high,357,-11,511,5,-15,12,,,
6.5109202862,Very high,Blocking,Very high,Very high,,,,,,,0.169741869,0.7604266405,0.8310163021
6.516146183,Very high,Blocking,Very high,Very high,463,-148,127,4,-15,9,,,
6.5408844948,Very high,Blocking,Very high,Very high,435,-57,-192,4,-14,8,,,
6.5609090328,Very high,Blocking,Very high,Very high,445,307,-890,6,-5,2,,,
6.5755090714,Very high,Blocking,Very high,Very high,,,,,,,0.2016040832,0.7997140884,0.8222857714
6.5817706585,Very high,Blocking,Very high,Very high,483,474,-1041,7,-3,-1,,,
6.6039533615,Very high,Blocking,Very high,Very high,473,564,-1111,8,0,-3,,,
6.6230506897,Very high,Blocking,Very high,Very high,482,720,-955,9,6,-9,,,
6.6427211761,Very high,Blocking,Very high,Very high,553,757,-712,8,7,-11,,,
6.6473412514,Very high,Blocking,Very high,Very high,,,,,,,0.2024894506,0.8483823538,0.8114705682
6.6632771492,Very high,Blocking,Very high,Very high,563,763,-460,6,7,-10,,,
6.6838257313,Very high,Blocking,Very high,Very high,478,858,123,3,10,-9,,,
6.7047157288,Very high,Blocking,Very high,Very high,348,884,416,2,14,-6,,,
6.7160315514,Very high,Blocking,Very high,Very high,,,,,,,0.1842721701,0.875721693,0.8053951859
6.7245931625,Very high,Blocking,Very high,Very high,-39,890,768,-4,24,-1,,,
6.7454080582,Very high,Blocking,Very high,Very high,-134,927,877,-7,30,-1,,,
6.7658846378,Very high,Blocking,Very high,Very high,-19,1060,1202,-11,33,-7,,,
6.784267664,Very high,Blocking,Very high,Very high,57,1228,1709,-12,33,-6,,,
6.8030152321,Very high,Blocking,Very high,Very high,35,1399,2112,-14,34,-2,,,
6.8031482697,Very high,Blocking,Very high,Very high,,,,,,,0.2191452384,0.9315974712,0.7929783463
6.8228869438,Very high,Blocking,Very high,Very high,56,1564,2490,-15,35,-1,,,
6.8438825607,Very high,Blocking,Very high,Very high,29,1784,3205,-17,32,4,,,
6.864385128,Very high,Blocking,Very high,Very high,57,1798,3188,-18,32,9,,,
6.8809659481,Very high,Blocking,Very high,Very high,,,,,,,0.3122164011,1.012725234,0.7749499679
6.8849670887,Very high,Blocking,Very high,Very high,342,1684,2831,-21,35,12,,,
6.9050378799,Very high,Blocking,Very high,Very high,1791,1069,1378,-28,45,0,,,
6.9258024693,Very high,Blocking,Very high,Very high,2682,589,520,-31,52,-12,,,
6.9461212158,Very high,Blocking,Very high,Very high,3288,119,-148,-33,54,-22,,,
6.9490835667,Very high,Blocking,Very high,Very high,,,,,,,0.3226114511,1.0983606577,0.7559198737
6.9672572613,Very high,Blocking,Very high,Very high,2011,-59,-836,-24,29,-24,,,
6.9867169857,Very high,Blocking,Very high,Very high,825,104,-1398,-10,33,-28,,,
7.0089402199,Very high,Blocking,Very high,Very high,238,637,-1203,15,32,-28,,,
7.0281095505,Very high,Blocking,Very high,Very high,379,460,-353,27,25,-28,,,
7.0408496857,Very high,Blocking,Very high,Very high,,,,,,,0.3468887806,1.1282205582,0.749284327
7.0487010479,Very high,Blocking,Very high,Very high,632,253,796,35,22,-16,,,
7.0701277256,Very high,Blocking,Very high,Very high,2224,-860,3589,30,1,-1,,,
7.089710474,Very high,Blocking,Very high,Very high,2988,-2287,4403,20,-14,-16,,,
7.1104032993,Very high,Blocking,Very high,Very high,3321,-4235,5178,16,-26,-34,,,
7.113973856,Very high,Blocking,Very high,Very high,,,,,,,0.3965261281,1.1563446522,0.743034482
7.1301546097,Very high,Blocking,Very high,Very high,2616,-6772,6189,11,-47,-57,,,
7.1508874893,Very high,Blocking,Very high,Very high,2393,-6258,7106,12,-54,-71,,,
7.1725933552,Very high,Blocking,Very high,Very high,2449,-5506,8074,12,-67,-71,,,
7.1828818321,Very high,Blocking,Very high,Very high,,,,,,,0.4622053504,1.1263717413,0.7496951818
7.191628933,Very high,Blocking,Very high,Very high,1814,-5197,9021,2,-101,-41,,,
7.2120890617,Very high,Inactive,Very high,Very high,1124,-5270,8580,-3,-110,-41,,,
7.2334828377,Very high,Inactive,Very high,Very high,-480,-4551,5741,-11,-126,-43,,,
7.253919363,Very high,Inactive,Very high,Very high,-1312,-3486,3510,-15,-129,-35,,,
7.2743704319,Very high,Inactive,Very high,Very high,,,,,,,0.4545596242,1.104088068,0.7546470761
7.2744040489,Very high,Inactive,Very high,Very high,-2032,-2098,936,-20,-123,-29,,,
7.293926239,Very high,Inactive,Very high,Very high,-3298,1318,-4028,-23,-70,-51,,,
7.3155722618,Very high,Inactive,Very high,Very high,-2960,2614,-6280,-41,-40,-59,,,
7.3394496441,Very high,Inactive,Very high,Very high,-2293,4266,-7191,-46,-15,-61,,,
7.3454253674,Very high,Inactive,Very high,Very high,,,,,,,0.416680783,1.0967283249,0.756282568
7.3562071323,Very high,Inactive,Very high,Very high,-422,6607,-4084,6,27,-76,,,
7.3766436577,Very high,Inactive,Very high,Very high,945,6627,-279,14,28,-41,,,
7.3963186741,Very high,Inactive,Very high,Very high,1856,6881,3265,10,34,-2,,,
7.4049286842,Very high,Inactive,Very high,Very high,,,,,,,0.3354760706,1.0585427284,0.7647683024
7.4171073437,Very high,Inactive,Very high,Very high,1721,5766,6080,-11,38,40,,,
7.4383234978,Very high,Inactive,Very high,Very high,1711,4967,5828,-17,29,51,,,
7.4577863216,Very high,Inactive,Very high,Very high,1776,3017,5224,-16,28,53,,,
7.4740333557,Very high,Inactive,Very high,Very high,,,,,,,0.3059771061,1.035564065,0.7698746324
7.4783196449,Very high,Inactive,Very high,Very high,1781,1701,5037,-21,28,54,,,
7.5025160313,Very high,Inactive,Very high,Very high,1855,716,4792,-29,28,56,,,
7.5196919441,Very high,Inactive,Very high,Very high,2122,-313,3947,-45,24,57,,,
7.5404229164,Very high,Inactive,Very high,Very high,2356,-801,3677,-52,18,53,,,
7.546642065,Very high,Inactive,Very high,Very high,,,,,,,0.4608246982,0.9497858882,0.7889364958
7.5601372719,Very high,Inactive,Very high,Very high,2560,-1247,3555,-59,3,51,,,
7.5813145638,Very high,Inactive,Very high,Very high,1872,-1097,2014,-67,-21,48,,,
7.6024670601,Very high,Inactive,Very high,Very high,1358,-1011,459,-68,-32,32,,,
7.6218430996,Very high,Inactive,Very high,Very high,971,-961,-1445,-67,-33,13,,,
7.6262683868,Very high,Inactive,Very high,Very high,,,,,,,0.4333344102,0.8413853645,0.8130254745
7.6424958706,Very high,Inactive,Very high,Very high,783,-851,-4868,-58,-11,-33,,,
7.6634783745,Very high,Inactive,Very high,Very high,978,-656,-5886,-48,2,-45,,,
7.6837468147,Very high,Inactive,Very high,Very high,1120,-565,-5850,-40,12,-50,,,
7.7040197849,Very high,Inactive,Very high,Very high,-1893,-203,-1181,-41,12,-58,,,
7.7044484615,Very high,Inactive,Very high,Very high,,,,,,,0.444347173,0.7413907051,0.8352465034
7.7239692211,Very high,Inactive,Very high,Very high,-2655,377,2816,-26,24,-18,,,
7.7451243401,Very high,Inactive,Very high,Very high,-352,806,4030,-25,-14,-19,,,
7.7651307583,Very high,Inactive,Very high,Very high,-235,1690,3294,-10,-5,-5,,,
7.7863838673,Very high,Inactive,Very high,Very high,-310,2305,2162,0,-4,4,,,
7.7923955917,Very high,Inactive,Very high,Very high,,,,,,,0.4262786508,0.6226457357,0.8616342545
7.8064274788,Very high,Inactive,Very high,Very high,685,2260,-518,9,-4,14,,,
7.8275918961,Very high,Inactive,Very high,Very high,1169,1812,-1841,14,5,19,,,
7.8478281498,Very high,Inactive,Very high,Very high,1594,1005,-3029,17,6,20,,,
7.8685367107,Very high,Inactive,Very high,Very high,2244,33,-5553,16,21,22,,,
7.8837490082,Very high,Inactive,Very high,Very high,2441,420,-6364,15,28,33,,,
7.885393858,Very high,Inactive,Very high,Very high,,,,,,,0.3921971619,0.3781442046,0.9159679413
7.9049015045,Very high,Inactive,Very high,Very high,2127,1634,-6922,11,27,53,,,
7.9250612259,Very high,Inactive,Very high,Very high,269,4660,-7197,14,34,83,,,
7.9454684258,Very high,Inactive,Very high,Very high,61,5462,-5974,12,52,49,,,
7.9660878181,Very high,Inactive,Very high,Very high,-3360,3654,1897,20,132,-32,,,
7.9740717411,Very high,Inactive,Very high,Very high,,,,,,,0.6483464837,0.5087018609,0.886955142
7.9861838818,Very high,Inactive,Very high,Very high,-3846,3896,4855,-9,40,20,,,
8.0070950985,Very high,Running,Very high,Very high,-4304,4734,4453,1,23,-7,,,
8.0276772976,Very high,Running,Very high,Very high,-4109,5819,6007,21,75,16,,,
8.0364601612,Very high,Running,Very high,Very high,,,,,,,0.7975913286,0.6099796891,0.8644489646
8.0476138592,Very high,Running,Very high,Very high,-3439,4995,7057,19,59,21,,,
8.0692038536,Very high,Running,Very high,Very high,-3055,4042,7391,14,46,23,,,
8.0886912346,Very high,Running,Very high,Very high,-3248,2681,6926,6,33,18,,,
8.1093690395,Very high,Running,Very high,Very high,-3208,2306,6739,2,19,1,,,
8.1095981598,Very high,Running,Very high,Very high,,,,,,,0.7962800264,0.5983015299,0.8670440912
8.1294775009,Very high,Running,Very high,Very high,-2826,1960,6094,0,4,-6,,,
8.1502673626,Very high,Running,Very high,Very high,-1352,1324,5215,0,-10,10,,,
8.1628234386,Very high,Running,Very high,Very high,,,,,,,0.7457409501,0.6381940842,0.8581790924
8.1711473465,Very high,Running,Very high,Very high,-502,884,4778,1,-15,15,,,
8.1911211014,Very high,Running,Very high,Very high,468,439,4281,2,-18,23,,,
8.2116253376,Very high,Running,Very high,Very high,418,-346,3517,3,-35,36,,,
8.22874856,Very high,Running,Very high,Very high,,,,,,,0.7420469522,0.6779538393,0.8493435979
8.2321336269,Very high,Running,Very high,Very high,-385,-799,2917,5,-38,36,,,
8.2526037693,Very high,Running,Very high,Very high,-713,-1543,2123,14,-29,33,,,
8.2739174366,Very high,Running,Very high,Very high,-480,-1762,2183,17,-25,34,,,
8.2934830189,Very high,Running,Very high,Very high,-186,-1844,2456,16,-27,37,,,
8.3058853149,Very high,Running,Very high,Very high,,,,,,,0.736364007,0.5980967283,0.8670896292
8.315248251,Very high,Running,Very high,Very high,351,-1787,2625,15,-37,40,,,
8.3358874321,Very high,Running,Very high,Very high,321,-1907,2441,15,-38,41,,,
8.3549730778,Very high,Running,Very high,Very high,182,-2134,2064,16,-37,42,,,
8.3751835823,Very high,Running,Very high,Very high,,,,,,,0.7689076662,0.6225547194,0.86165452
8.3765087128,Very high,Running,Very high,Very high,82,-2607,1265,10,-37,46,,,
8.3957169056,Very high,Running,Very high,Very high,-14,-2600,613,6,-32,51,,,
8.4165802002,Very high,Running,Very high,Very high,218,-2347,144,4,-24,48,,,
8.437066555,Very high,Running,Very high,Very high,817,-1379,-399,-2,-13,45,,,
8.4400508404,Very high,Running,Very high,Very high,,,,,,,0.7234504223,0.5186387897,0.8847469091
8.4574210644,Very high,Running,Very high,Very high,1081,-704,-761,-7,-9,48,,,
8.4783346653,Very high,Running,Very high,Very high,1217,1380,-1084,-15,3,60,,,
8.4982774258,Very high,Running,Very high,Very high,845,2587,-967,-14,11,74,,,
8.5098924637,Very high,Running,Very high,Very high,,,,,,,0.7130951285,0.537207067,0.8806206584
8.5185949802,Very high,Running,Very high,Very high,378,3778,-881,-13,16,85,,,
8.5394201279,Very high,Running,Very high,Very high,-1432,5634,-475,4,27,46,,,
8.5597062111,Very high,Running,Very high,Very high,-2261,6213,97,18,28,16,,,
8.5779061317,Very high,Running,Very high,Very high,,,,,,,0.6825301051,0.5260990262,0.8830891252
8.5802416801,Very high,Running,Very high,Very high,-2556,6475,738,29,27,15,,,
8.6020319462,Very high,Running,Very high,Very high,-1921,6331,2212,37,29,24,,,
8.6218390465,Very high,Running,Very high,Very high,-1164,6189,2878,35,21,27,,,
8.6351017952,Very high,Running,Very high,Very high,,,,,,,0.6825301051,0,1
8.6424458027,Very high,Running,Very high,Very high,-365,5783,2858,33,9,29,,,
8.6619467735,Very high,Running,Very high,Very high,880,4015,1478,31,0,25,,,
8.6828331947,Very high,Running,Very high,Very high,1250,2736,371,24,-9,26,,,
8.6945743561,Very high,Running,Very high,Very high,,,,,,,0.6825301051,0,1
8.7042143345,Very high,Running,Very high,Very high,1334,1364,-1073,14,-21,24,,,
8.7233495712,Very high,Running,Very high,Very high,889,-560,-4371,-3,-19,-4,,,
8.7439954281,Very high,Running,Very high,Very high,817,-774,-5307,-1,2,-14,,,
8.7644367218,Very high,Running,Very high,Very high,831,-745,-5247,6,29,-16,,,
8.7694113255,Very high,Running,Very high,Very high,,,,,,,0.588236928,0.5360699296,0.8808733225
8.7852261066,Very high,Running,Very high,Very high,121,-208,-2040,17,70,10,,,
8.8060860634,Very high,Running,Very high,Very high,-221,629,568,21,63,31,,,
8.8257699013,Very high,Running,Very high,Very high,-91,1578,2901,12,25,57,,,
8.8341832161,Very high,Running,Very high,Very high,,,,,,,0.588236928,0,1
8.846916914,Very high,Running,Very high,Very high,-167,2055,2590,6,13,69,,,
8.8686759472,Very high,Running,Very high,Very high,-387,2280,1781,6,5,70,,,
8.8877153397,Very high,Running,Very high,Very high,-1163,2381,-123,12,5,59,,,
8.9055140018,Very high,Running,Very high,Very high,,,,,,,0.588236928,0.3560499847,0.9208778143
8.9084854126,Very high,Running,Very high,Very high,-1550,2232,-596,20,25,57,,,
8.9283189774,Very high,Running,Very high,Very high,-1861,1934,-93,24,51,60,,,
8.9487369061,Very high,Running,Very high,Very high,-2210,1730,840,15,67,59,,,
8.9655213356,Very high,Running,Very high,Very high,-2592,2098,1941,10,64,45,,,
8.9818866253,Very high,Running,Very high,Very high,,,,,,,0.360037297,0.5335720778,0.8814284205
8.9855298996,Very high,Running,Very high,Very high,-2381,3297,4314,11,34,3,,,
9.0072197914,Very high,Blocking,High,Very high,-2179,3562,5332,6,22,12,,,
9.0264770985,Very high,Blocking,High,Very high,-2350,3730,5615,-1,14,35,,,
9.0518782139,Very high,Blocking,High,Very high,-3152,3780,4828,-4,15,45,,,
9.0702590942,Very high,Blocking,High,Very high,,,,,,,0.4020937085,0.5480239391,0.8782169223
9.0719225407,Very high,Blocking,High,Very high,-3029,3880,4768,-2,12,34,,,
9.0924520493,Very high,Blocking,High,Very high,-2734,4260,4929,-2,3,21,,,
9.1127645969,Very high,Blocking,High,Very high,-2404,4790,4749,-5,-18,10,,,
9.1299710274,Very high,Blocking,High,Very high,,,,,,,0.4020937085,0,1
9.1335647106,Very high,Blocking,High,Very high,-2393,4750,4049,-8,-24,7,,,
9.1535177231,Very high,Blocking,High,Very high,-2581,4326,2615,-9,-20,6,,,
9.1747765541,Very high,Blocking,High,Very high,-2705,4055,2108,-9,-16,9,,,
9.1947405338,Very high,Blocking,High,Very high,-2727,3854,1715,-9,-12,9,,,
9.2038249969,Very high,Blocking,High,Very high,,,,,,,0.4020937085,0,1
9.2154791355,Very high,Blocking,High,Very high,-2386,3657,1337,-10,-13,5,,,
9.235765934,Very high,Blocking,High,Very high,-2126,3670,1151,-11,-16,4,,,
9.2559781075,Very high,Blocking,High,Very high,-1796,3659,911,-13,-19,4,,,
9.2770383358,Very high,Blocking,High,Very high,-989,3372,102,-18,-23,-5,,,
9.2803602219,Very high,Blocking,High,Very high,,,,,,,0.3846893907,0.5679040551,0.8737990856
9.2969679832,Very high,Blocking,High,Very high,-553,3142,-351,-20,-23,-10,,,
9.3174214363,Very high,Blocking,High,Very high,-289,2838,-808,-23,-24,-12,,,
9.3387441635,Very high,Blocking,High,Very high,-211,1752,-2013,-25,-13,-21,,,
9.3522846699,Very high,Blocking,High,Very high,,,,,,,0.2969639599,0.5319698453,0.8817844987
9.3582165241,Very high,Blocking,High,Very high,-486,946,-2431,-25,3,-33,,,
9.3791496754,Very high,Blocking,High,Very high,-1007,-231,-1226,-16,35,-21,,,
9.3998279572,Very high,Blocking,High,Very high,-563,-569,223,-11,44,-11,,,
9.4203617573,Very high,Blocking,High,Very high,563,-566,2099,-7,48,-6,,,
9.4404463768,Very high,Blocking,High,Very high,2469,204,5394,-17,23,6,,,
9.4449000359,Very high,Blocking,High,Very high,,,,,,,0.3035669625,0.5397719741,0.8800506592
9.4607102871,Very high,Blocking,High,Very high,2725,353,5896,-23,-6,5,,,
9.4831485748,Very high,Blocking,High,Very high,2795,149,5416,-24,-20,0,,,
9.503557682,Very high,Blocking,High,Very high,2544,-81,3586,-18,-10,-9,,,
9.5220711231,Very high,Blocking,High,Very high,2281,-122,2802,-13,-5,-12,,,
9.5347268581,Very high,Blocking,High,Very high,,,,,,,0.3777076602,0.5216060877,0.8840875626
9.5434708595,Very high,Blocking,High,Very high,2143,-68,2273,-9,-2,-14,,,
9.5638508797,Very high,Blocking,High,Very high,1960,226,1931,-3,-6,-12,,,
9.5837233067,Very high,Blocking,High,Very high,1790,310,1785,0,-9,-11,,,
9.5972208977,Very high,Blocking,High,Very high,,,,,,,0.3777076602,0,1
9.6048734188,Very high,Blocking,High,Very high,1639,346,1614,3,-9,-13,,,
9.6249277592,Very high,Blocking,High,Very high,1224,437,1447,6,-8,-12,,,
9.6460878849,Very high,Blocking,High,Very high,949,544,1451,7,-8,-6,,,
9.666298151,Very high,Blocking,High,Very high,807,751,1447,6,-10,2,,,
9.6746134758,Very high,Blocking,High,Very high,,,,,,,0.3777076602,0,1
9.6827821732,Very high,Blocking,High,Very high,-341,863,1186,9,-7,30,,,
9.7029047012,Very high,Blocking,High,Very high,-1028,570,1375,10,4,41,,,
9.7232513428,Very high,Blocking,High,Very high,-2462,1230,2334,3,12,25,,,
9.74411726,Very high,Blocking,High,Very high,-2778,2128,3301,4,12,4,,,
9.7544808388,Very high,Blocking,High,Very high,,,,,,,0.3085774183,0.386495322,0.9141121507
9.7637448311,Very high,Blocking,High,Very high,-2405,2879,4440,6,9,-8,,,
9.7848184109,Very high,Blocking,High,Very high,-2256,3189,5373,-3,-14,15,,,
9.8059797287,Very high,Blocking,High,Very high,-2833,2935,4230,-6,-17,40,,,
9.8257000446,Very high,Blocking,High,Very high,-3281,2834,2539,-3,-2,50,,,
9.8423728943,Very high,Blocking,High,Very high,,,,,,,0.2815329432,0.5331584215,0.8815203309
9.8457403183,Very high,Blocking,High,Very high,-3518,3314,634,5,19,36,,,
9.8669080734,Very high,Blocking,High,Very high,-3490,3539,453,8,20,29,,,
9.8877699375,Very high,Blocking,High,Very high,-3585,3659,6,11,17,31,,,
9.9051880836,Very high,Blocking,High,Very high,,,,,,,0.2815329432,0.0052981786,0.9988226295
9.9079215527,Very high,Blocking,High,Very high,-3677,3612,-407,12,17,34,,,
9.9275858402,Very high,Blocking,High,Very high,-3705,3546,-722,13,19,36,,,
9.9482035637,Very high,Blocking,High,Very high,-3581,3223,-805,15,25,36,,,
9.9694962502,Very high,Blocking,High,Very high,-3312,2982,-616,13,26,34,,,
9.9889740944,Very high,Blocking,High,Very high,-2919,2707,-381,10,25,29,,,
9.9927475452,Very high,Blocking,High,Very high,,,,,,,0.3955490887,0.5604174733,0.8754627705
10.0100226402,Very high,Blocking,High,Very high,-1955,2286,250,1,19,12,,,
10.0306124687,Very high,Blocking,High,Very high,-1557,2152,613,-5,13,4,,,
10.0528731346,Very high,Blocking,High,Very high,-1216,1945,980,-9,9,-6,,,
10.061504364,Very high,Blocking,High,Very high,,,,,,,0.3955490887,0,1
10.0717215538,Very high,Blocking,High,Very high,-931,1150,2224,-15,2,-23,,,
10.0919802189,Very high,Blocking,High,Very high,-1097,821,2590,-16,-6,-25,,,
10.1122264862,Very high,Blocking,High,Very high,-1171,373,2503,-12,-7,-24,,,
10.1328392029,Very high,Blocking,High,Very high,-535,21,2296,-5,7,-16,,,
10.1482596397,Very high,Blocking,High,Very high,,,,,,,0.2967565656,0.5216155052,0.8840854168
10.1529390812,Very high,Blocking,High,Very high,74,386,2641,-5,12,-7,,,
10.1749033928,Very high,Blocking,High,Very high,818,832,3214,-8,-2,-1,,,
10.1944832802,Very high,Blocking,High,Very high,1032,674,2911,-9,-8,-8,,,
10.2124245167,Very high,Blocking,High,Very high,,,,,,,0.3075433075,0.5589253306,0.8757943511
10.2150328159,Very high,Blocking,High,Very high,1257,384,2542,-9,-9,-19,,,
10.2360181808,Very high,Blocking,High,Very high,1661,-181,2000,-9,-8,-32,,,
10.2553734779,Very high,Blocking,High,Very high,1837,-277,1784,-8,-4,-35,,,
10.2756841183,Very high,Blocking,High,Very high,1903,-304,1743,-8,-2,-35,,,
10.2798745632,Very high,Blocking,High,Very high,,,,,,,0.3167638183,0.5508065224,0.8775985241
10.2963531017,Very high,Blocking,High,Very high,1760,-365,1896,-9,-7,-29,,,
10.3171446323,Very high,Blocking,High,Very high,1604,-347,1845,-9,-9,-26,,,
10.3378818035,Very high,Blocking,High,Very high,1478,-249,1664,-9,-8,-25,,,
10.3499131203,Very high,Blocking,High,Very high,,,,,,,0.3094561696,0.522832334,0.8838150501
10.3583040237,Very high,Blocking,High,Very high,1429,27,1301,-5,-3,-28,,,
10.3782393932,Very high,Blocking,High,Very high,1377,93,1161,-4,-4,-28,,,
10.3988001347,Very high,Blocking,High,Very high,1084,214,714,-1,-2,-23,,,
10.419260025,Very high,Blocking,High,Very high,989,367,560,1,0,-21,,,
10.4400651455,Very high,Blocking,High,Very high,952,564,546,3,2,-20,,,
10.4410605431,Very high,Blocking,High,Very high,,,,,,,0.4629974961,0.5783490539,0.8714779615
10.4602863789,Very high,Blocking,High,Very high,972,894,641,8,3,-15,,,
10.4815750122,Very high,Blocking,High,Very high,940,948,662,10,4,-11,,,
10.4988033772,Very high,Blocking,High,Very high,,,,,,,0.4629974961,0,1
10.5021042824,Very high,Blocking,Very high,Very high,919,924,668,13,5,-7,,,
10.5225772858,Very high,Blocking,Very high,Very high,983,868,505,15,8,1,,,
10.5427491665,Very high,Blocking,Very high,Very high,997,910,159,16,10,8,,,
10.5523588657,Very high,Blocking,Very high,Very high,,,,,,,0.4629974961,0.1065342501,0.9763257504
10.5627558231,Very high,Blocking,Very high,Very high,908,1086,-296,15,12,17,,,
10.5829441547,Very high,Blocking,Very high,Very high,323,1778,-913,16,14,39,,,
10.6046283245,Very high,Blocking,Very high,Very high,-275,2014,-873,17,15,51,,,
10.6240713596,Very high,Blocking,Very high,Very high,-1139,1817,-906,14,24,59,,,
10.6395480633,Very high,Blocking,Very high,Very high,,,,,,,0.2823629081,0.4089179039,0.9091293812
10.6444578171,Very high,Blocking,Very high,Very high,-2731,1808,-55,6,52,36,,,
10.6669118404,Very high,Blocking,Very high,Very high,-3230,2076,1250,7,42,25,,,
10.6857869625,Very high,Blocking,Very high,Very high,-3807,2098,4013,3,21,0,,,
10.7016808987,Very high,Blocking,Very high,Very high,,,,,,,0.2823629081,0.1809779555,0.95978266
10.7068228722,Very high,Blocking,Very high,Very high,-3584,2565,6123,1,12,-7,,,
10.7263326645,Very high,Blocking,Very high,Very high,-3151,2962,7118,-4,-2,12,,,
10.7472922802,Very high,Blocking,Very high,Very high,-2669,2678,5727,-9,4,33,,,
10.7681877613,Very high,Blocking,Very high,Very high,-2302,2432,5081,-10,5,28,,,
10.7724702358,Very high,Blocking,Very high,Very high,,,,,,,0.2823629081,0.0725600049,0.9838755727
10.7840993404,Very high,Blocking,Very high,Very high,-1895,2076,4494,-11,2,20,,,
10.8042318821,Very high,Blocking,Very high,Very high,-913,1614,3544,-12,0,5,,,
10.8254609108,Very high,Blocking,Very high,Very high,-438,1467,3365,-13,-2,-1,,,
10.8332548141,Very high,Blocking,Very high,Very high,,,,,,,0.2823629081,0,1
10.8454325199,Very high,Blocking,Very high,Very high,-165,1211,3169,-16,-9,-3,,,
10.8673627377,Very high,Blocking,Very high,Very high,247,661,2478,-16,-18,-9,,,
10.8859639168,Very high,Blocking,Very high,Very high,523,448,2217,-12,-16,-11,,,
10.9009575844,Very high,Blocking,Very high,Very high,,,,,,,0.2823629081,0,1
10.9076342583,Very high,Blocking,Very high,Very high,1056,136,2074,-6,-15,-27,,,
10.9271492958,Very high,Blocking,Very high,Very high,1249,-75,1978,-4,-20,-39,,,
10.9476861954,Very high,Blocking,Very high,Very high,1416,-254,1683,-1,-22,-45,,,
10.9666016102,Very high,Blocking,Very high,Very high,,,,,,,0.2823629081,0,1
10.9686777592,Very high,Blocking,Very high,Very high,1473,-323,880,3,-15,-39,,,
10.9893462658,Very high,Blocking,Very high,Very high,1374,-133,658,5,-10,-35,,,
11.0101339817,Very high,Blocking,Very high,Very high,1158,128,573,8,-7,-27,,,
11.0294470787,Very high,Blocking,Very high,Very high,962,396,388,14,-7,-7,,,
11.0351479053,Very high,Blocking,Very high,Very high,,,,,,,0.2823629081,0,1
11.0501697063,Very high,Blocking,Very high,Very high,986,358,36,15,-6,2,,,
11.0710704327,Very high,Blocking,Very high,Very high,997,422,-394,15,-3,9,,,
11.0909392834,Very high,Blocking,Very high,Very high,565,732,-1043,15,3,21,,,
11.1064214706,Very high,Blocking,Very high,Very high,,,,,,,0.2823629081,0,1
11.1115481853,Very high,Blocking,Very high,Very high,-75,784,-1286,14,10,34,,,
11.1320550442,Very high,Blocking,Very high,Very high,-965,713,-1557,13,20,45,,,
11.1531844139,Very high,Blocking,Very high,Very high,-2571,727,-1236,7,33,45,,,
11.1682636738,Very high,Blocking,Very high,Very high,,,,,,,0.2823629081,0,1
11.1740570068,Very high,Blocking,Very high,Very high,-2604,1240,-464,7,40,27,,,
11.1932229996,Very high,Blocking,Very high,Very high,-2042,2519,2270,4,29,9,,,
11.2137534618,Very high,Blocking,Very high,Very high,-1948,2650,3343,-1,6,8,,,
11.2338590622,Very high,Blocking,Very high,Very high,,,,,,,0.2823629081,0,1
11.2373204231,Very high,Blocking,Very high,Very high,-2098,2580,3604,-6,-9,7,,,
11.2547843456,Very high,Blocking,Very high,Very high,-2454,2559,3381,-8,-13,6,,,
11.2761023045,Very high,Blocking,Very high,Very high,-2930,2526,2965,-11,-9,2,,,
11.2956700325,Very high,Blocking,Very high,Very high,-2826,2391,2969,-13,-9,-1,,,
11.2975072861,Very high,Blocking,Very high,Very high,,,,,,,0.2823629081,0,1
11.3167541027,Very high,Blocking,Very high,Very high,-2114,2086,3049,-17,-12,-4,,,
11.3415551186,Very high,Blocking,Very high,Very high,-1733,1918,3020,-18,-13,-4,,,
11.3570935726,Very high,Blocking,Very high,Very high,-1472,1647,2791,-19,-14,-3,,,
11.3666000366,Very high,Blocking,Very high,Very high,,,,,,,0.2823629081,0,1
11.3777661324,Very high,Blocking,Very high,Very high,-1265,826,1972,-19,-10,-1,,,
11.402238369,Very high,Blocking,Very high,Very high,-1220,445,1658,-15,-3,2,,,
11.4186139107,Very high,Blocking,Very high,Very high,-733,456,1642,-7,14,0,,,
11.4397819042,Very high,Blocking,Very high,Very high,-380,691,2100,-6,14,-3,,,
11.441896677,Very high,Blocking,Very high,Very high,,,,,,,0.2823629081,0,1
11.4594700336,Very high,Blocking,Very high,Very high,-112,876,2543,-8,5,-1,,,
11.4809434414,Very high,Blocking,Very high,Very high,-57,859,2431,-10,-7,3,,,
11.4937295914,Very high,Blocking,Very high,Very high,,,,,,,0.2823629081,0,1
11.5019319057,Very high,Blocking,Very high,Very high,-7,707,2127,-8,-8,0,,,
11.5209233761,Very high,Blocking,Very high,Very high,136,584,1873,-6,-8,-1,,,
11.541741848,Very high,Blocking,Very high,Very high,382,417,1466,-3,-4,-2,,,
11.5562038422,Very high,Blocking,Very high,Very high,,,,,,,0.2823629081,0,1
11.5618405342,Very high,Blocking,Very high,Very high,423,406,1336,-1,-3,-3,,,
11.5838117599,Very high,Blocking,Very high,Very high,440,428,1277,2,-3,-5,,,
11.6029484272,Very high,Blocking,Very high,Very high,470,446,1318,3,-5,-6,,,
11.6236643791,Very high,Blocking,Very high,Very high,,,,,,,0.2823629081,0,1
11.6240684986,Very high,Blocking,Very high,Very high,465,485,1294,4,-5,-4,,,
11.6441478729,Very high,Blocking,Very high,Very high,435,566,1204,7,-1,-1,,,
11.6644010544,Very high,Blocking,Very high,Very high,469,534,1249,7,-1,1,,,
11.6853392124,Very high,Blocking,Very high,Very high,462,478,1318,6,-1,2,,,
11.6911978722,Very high,Blocking,Very high,Very high,,,,,,,0.2823629081,0,1
11.7060978413,Very high,Blocking,Very high,Very high,442,395,1420,6,0,3,,,
11.7256507874,Very high,Blocking,Very high,Very high,458,339,1517,6,1,2,,,
11.746421814,Very high,Blocking,Very high,Very high,446,304,1635,5,-1,3,,,
11.7519083023,Very high,Blocking,Very high,Very high,,,,,,,0.2823629081,0,1
11.767629385,Very high,Blocking,Very high,Very high,254,354,1703,3,0,2,,,
11.7881991863,Very high,Blocking,Very high,Very high,131,449,1737,3,2,0,,,
11.8089289665,Very high,Blocking,Very high,Very high,-60,573,1925,1,1,0,,,
11.8198933601,Very high,Blocking,Very high,Very high,,,,,,,0.2823629081,0,1
11.8280849457,Very high,Blocking,Very high,Very high,-159,632,1982,0,1,0,,,
11.8486721516,Very high,Blocking,Very high,Very high,-232,721,2071,-1,3,0,,,
11.8700201511,Very high,Blocking,Very high,Very high,-327,812,2256,-3,4,3,,,
11.8896479607,Very high,Blocking,Very high,Very high,,,,,,,0.2823629081,0,1
11.8912177086,Very high,Blocking,Very high,Very high,-490,830,2292,-4,5,5,,,
11.9105427265,Very high,Blocking,Very high,Very high,-730,866,2271,-5,5,7,,,
11.9309222698,Very high,Blocking,Very high,Very high,-842,994,2224,-6,4,7,,,
11.9489583969,Very high,Blocking,Very high,Very high,,,,,,,0.2823629081,0,1
11.9513323307,Very high,Blocking,Very high,Very high,-838,1105,2169,-7,8,6,,,
11.9723992348,Very high,Blocking,Very high,Very high,-745,1117,2258,-7,13,4,,,
11.9921338558,Very high,Blocking,Very high,Very high,-319,969,3107,-13,11,-2,,,
12.0087120533,Very high,Blocking,Very high,High,,,,,,,0.2823629081,0.1232026964,0.9726216197
12.0129437447,Very high,Blocking,Very high,High,-135,810,3547,-18,8,-4,,,
12.0335385799,Very high,Blocking,Very high,High,3,645,3885,-21,7,-3,,,
12.0534660816,Very high,Blocking,Very high,High,45,770,3777,-22,7,0,,,
12.0738527775,Very high,Blocking,Very high,High,16,963,3580,-22,6,4,,,
12.0891189575,Very high,Blocking,Very high,High,,,,,,,0.4099019766,0.5568665266,0.8762518764
12.0943419933,Very high,Blocking,Very high,High,-301,1433,2881,-21,2,14,,,
12.1153512001,Very high,Blocking,Very high,High,-626,1606,2474,-21,-1,19,,,
12.1358165741,Very high,Blocking,Very high,High,-1015,1736,2028,-19,-3,20,,,
12.1557760239,Very high,Blocking,Very high,High,-1549,2021,832,-16,-3,15,,,
12.1767332554,Very high,Blocking,Very high,High,-1703,1954,288,-12,-3,11,,,
12.1967658997,Very high,Blocking,Very high,High,-1920,1663,-160,-10,-3,8,,,
12.1991648674,Very high,Blocking,Very high,High,,,,,,,0.3935408294,0.5383927822,0.8803571463
12.2175002098,Very high,Blocking,Very high,High,-2422,923,-610,-3,5,6,,,
12.2380199432,Very high,Blocking,Very high,High,-2403,862,-679,0,18,3,,,
12.2586221695,Very high,Blocking,Very high,High,-2138,1175,-313,5,25,-4,,,
12.278822422,Very high,Blocking,Very high,High,-1473,1843,1265,2,10,-21,,,
12.2996163368,Very high,Blocking,Very high,High,-1192,1842,1710,-3,2,-28,,,
12.3015701771,Very high,Blocking,Very high,High,,,,,,,0.3810152113,0.5945843458,0.867870152
12.3196556568,Very high,Blocking,Very high,High,-785,1882,1403,-5,5,-32,,,
12.3410947323,Very high,Blocking,Very high,High,-607,1703,1254,-5,9,-31,,,
12.3609337807,Very high,Blocking,Very high,High,-425,1435,1080,-5,8,-27,,,
12.3816928864,Very high,Blocking,Very high,High,-357,985,716,-4,11,-20,,,
12.4001238346,Very high,Blocking,Very high,High,,,,,,,0.3786037564,0.609313488,0.8645970225
12.4016816616,Very high,Blocking,Very high,High,-228,734,559,-2,15,-20,,,
12.4222927094,Very high,Blocking,Very high,High,-125,593,471,2,19,-20,,,
12.4425890446,Very high,Blocking,Very high,High,-53,779,911,11,19,-15,,,
12.4631633759,Very high,Blocking,Very high,High,-134,1053,1106,13,14,-12,,,
12.4834289551,Very high,Blocking,Very high,High,-390,1383,1128,16,13,-8,,,
12.4846012592,Very high,Blocking,Very high,High,,,,,,,0.3720103502,0.6141647696,0.8635189533
12.5049214363,Very high,Blocking,Very high,High,-1136,2016,1124,29,16,4,,,
12.5244131088,Very high,Blocking,Very high,High,-1363,1981,1213,34,18,11,,,
12.5453054905,Very high,Blocking,Very high,High,-1115,1784,1350,36,21,19,,,
12.565451622,Very high,Blocking,Very high,High,-850,1757,1528,37,19,23,,,
12.5821185112,Very high,Blocking,Very high,High,-522,1766,1786,37,15,27,,,
12.5829129219,Very high,Blocking,Very high,High,,,,,,,0.3891854882,0.3274311721,0.9272375107
12.6036622524,Very high,Blocking,Very high,High,-160,1582,2179,27,3,27,,,
12.6226489544,Very high,Blocking,Very high,High,-73,1359,2033,21,-2,20,,,
12.6435887814,Very high,Blocking,Very high,High,23,1292,1808,15,-3,8,,,
12.6638214588,Very high,Blocking,Very high,High,-49,1455,1646,10,-5,2,,,
12.6758892536,Very high,Blocking,Very high,High,,,,,,,0.3190518618,0.580745101,0.8709455132
12.6842098236,Very high,Blocking,Very high,High,-736,1440,981,4,-3,0,,,
12.7048549652,Very high,Blocking,Very high,High,-994,1197,589,4,2,-3,,,
12.7255547047,Very high,Blocking,Very high,High,-1159,976,525,5,9,-23,,,
12.7458200455,Very high,Blocking,Very high,High,-1205,1250,884,6,10,-30,,,
12.7502932549,Very high,Blocking,Very high,High,,,,,,,0.3630146086,0.6064286232,0.8652380705
12.7664315701,Very high,Blocking,Very high,High,-1246,1604,1305,8,11,-30,,,
12.786482811,Very high,Blocking,Very high,High,-1285,1666,2371,15,16,-27,,,
12.8083324432,Very high,Blocking,Very high,High,-940,1566,2474,17,21,-29,,,
12.8275053501,Very high,Blocking,Very high,High,841,1133,2759,15,26,-12,,,
12.8374593258,Very high,Blocking,Very high,High,,,,,,,0.3131799102,0.6203684807,0.8621403575
12.8490424156,Very high,Blocking,Very high,High,1606,1159,2851,9,20,-4,,,
12.8693573475,Very high,Blocking,Very high,High,2022,1245,2703,3,11,-4,,,
12.8892331123,Very high,Blocking,Very high,High,2075,826,1549,-9,0,-17,,,
12.9088864326,Very high,Blocking,Very high,High,,,,,,,0.3848251104,0.6506332755,0.8554148078
12.9098987579,Very high,Blocking,Very high,High,1885,443,981,-14,-5,-21,,,
12.929847002,Very high,Blocking,Very high,High,1607,71,648,-16,-9,-19,,,
12.9507014751,Very high,Blocking,Very high,High,727,34,821,-21,-1,-6,,,
12.9717059135,Very high,Blocking,Very high,High,202,610,1324,-19,4,5,,,
12.9737458229,Very high,Blocking,Very high,High,,,,,,,0.3659593463,0.6563663483,0.8541408181
12.9913184643,Very high,Blocking,Very high,High,-339,1400,1950,-13,9,16,,,
13.0125386715,Very high,Blocking,Very high,High,-811,2146,2740,1,14,21,,,
13.0329866409,Very high,Blocking,Very high,High,-798,1853,2570,4,12,18,,,
13.047349453,Very high,Blocking,Very high,High,,,,,,,0.4065178931,0.6813774705,0.8485828042
13.052770853,Very high,Blocking,Very high,High,-261,1096,1578,3,15,5,,,
13.0733809471,Very high,Blocking,Very high,High,6,913,1281,-1,15,7,,,
13.0941209793,Very high,Blocking,Very high,High,138,801,1090,-4,14,10,,,
13.1103646755,Very high,Blocking,Very high,High,,,,,,,0.3849203885,0.7161877155,0.8408471942
13.1147830486,Very high,Blocking,Very high,High,27,663,952,-7,17,10,,,
13.1355342865,Very high,Blocking,Very high,High,-79,575,993,-7,16,8,,,
13.1552054882,Very high,Blocking,Very high,High,-167,505,1037,-8,15,7,,,
13.1757307053,Very high,Blocking,Very high,High,-246,546,1378,-9,14,6,,,
13.1775114536,Very high,Blocking,Very high,High,,,,,,,0.3772878945,0.7282904983,0.8381576538
13.1965315342,Very high,Blocking,Very high,High,-207,655,1665,-9,12,5,,,
13.2178277969,Very high,Blocking,Very high,High,-229,752,1951,-11,10,5,,,
13.2378568649,Very high,Blocking,Very high,High,-510,819,2204,-14,-1,5,,,
13.2424468994,Very high,Blocking,Very high,High,,,,,,,0.3401195407,0.7246652842,0.8389632702
13.2580401897,Very high,Blocking,Very high,High,-669,905,2063,-15,-4,5,,,
13.2780296803,Very high,Blocking,Very high,High,-803,1060,1848,-14,-6,8,,,
13.2987730503,Very high,Blocking,Very high,High,-878,1259,1356,-11,-5,11,,,
13.3115503788,Very high,Blocking,Very high,High,,,,,,,0.3136541843,0.729649961,0.8378555775
13.3189744949,Very high,Blocking,Very high,High,-925,1240,1181,-11,-5,9,,,
13.3404855728,Very high,Blocking,Very high,High,-1044,1123,898,-9,-5,3,,,
13.3605563641,Very high,Blocking,Very high,High,-1070,1124,774,-8,-3,2,,,
13.3769490719,Very high,Blocking,Very high,High,,,,,,,0.3220457435,0.7364391088,0.8363468647
13.3809325695,Very high,Blocking,Very high,High,-1021,1130,734,-6,0,2,,,
13.4018652439,Very high,Blocking,Very high,High,-880,1028,1030,-4,2,3,,,
13.4219825268,Very high,Blocking,Very high,High,-852,947,1269,-4,2,3,,,
13.4426076412,Very high,Blocking,Very high,High,-786,918,1512,-4,0,5,,,
13.4458642006,Very high,Blocking,Very high,High,,,,,,,0.306740582,0.7261207104,0.8386398554
13.4627921581,Very high,Blocking,Very high,High,-627,960,1787,-3,-3,10,,,
13.4833557606,Very high,Blocking,Very high,High,-595,972,1851,-2,-4,11,,,
13.504686594,Very high,Blocking,Very high,High,-581,1033,1863,-2,-6,12,,,
13.5143578053,Very high,Blocking,Very high,High,,,,,,,0.3036740422,0.7228939533,0.8393568993
13.5237541199,Very high,Blocking,Very high,High,-593,1136,1748,-2,-7,12,,,
13.5444715023,Very high,Blocking,Very high,High,-579,1103,1674,-2,-7,12,,,
13.5646595955,Very high,Blocking,Very high,High,-528,1025,1615,-1,-7,12,,,
13.5862028599,Very high,Blocking,Very high,High,-477,907,1541,-2,-9,14,,,
13.6060841084,Very high,Blocking,Very high,High,-463,974,1398,-3,-10,14,,,
13.6073069572,Very high,Blocking,Very high,High,,,,,,,0.3014147282,0.7232012153,0.8392885923
13.6261610985,Very high,Blocking,Very high,High,-440,1097,1355,-1,-5,14,,,
13.6469764709,Very high,Blocking,Very high,High,-423,1082,1418,-1,-5,14,,,
13.6683578491,Very high,Blocking,Very high,High,-456,1042,1443,-2,-7,12,,,
13.6829106808,Very high,Blocking,Very high,High,,,,,,,0.290954411,0.7190845609,0.8402034044
13.6839938164,Very high,Blocking,Very high,High,-515,918,1331,-2,-7,11,,,
13.704734087,Very high,Blocking,Very high,High,-532,878,1215,-2,-6,10,,,
13.7244684696,Very high,Blocking,Very high,High,-544,887,1122,-2,-3,8,,,
13.7454030514,Very high,Blocking,Very high,High,-593,928,1180,-1,1,7,,,
13.7663989067,Very high,Blocking,Very high,High,-606,917,1257,-1,2,7,,,
13.7704436779,Very high,Blocking,Very high,High,,,,,,,0.2948509157,0.7194179296,0.8401293755
13.7859413624,Very high,Blocking,Very high,High,-637,910,1364,-2,1,7,,,
13.8071882725,Very high,Blocking,Very high,High,-642,909,1518,-2,2,5,,,
13.8271517754,Very high,Blocking,Very high,High,-607,948,1603,-3,2,6,,,
13.8480935097,Very high,Blocking,Very high,High,-630,985,1657,-3,-1,8,,,
13.8485426903,Very high,Blocking,Very high,High,,,,,,,0.2952674925,0.717361927,0.8405862451
13.8690114021,Very high,Blocking,Very high,High,-677,1008,1578,-3,-1,9,,,
13.8883986473,Very high,Blocking,Very high,High,-724,1021,1511,-3,-1,10,,,
13.9097952843,Very high,Blocking,Very high,High,-730,952,1494,-3,0,9,,,
13.9163634777,Very high,Blocking,Very high,High,,,,,,,0.30197227,0.7161346078,0.8408589959
13.9294261932,Very high,Blocking,Very high,High,-686,896,1488,-3,0,6,,,
13.9509036541,Very high,Blocking,Very high,High,-677,886,1516,-3,0,5,,,
13.9708666801,Very high,Blocking,Very high,High,-746,948,1615,-2,1,6,,,
13.9916017056,Very high,Blocking,Very high,High,-831,1009,1640,-2,1,9,,,
14.0071835518,Very high,Blocking,Very high,High,,,,,,,0.3097614646,0.7176514864,0.840521872
14.0115158558,Very high,Blocking,Very high,High,-934,1022,1622,-1,1,12,,,
14.0318391323,Very high,Blocking,Very high,High,-1008,845,1510,0,3,13,,,
14.0522835255,Very high,Blocking,Very high,High,-965,722,1469,0,4,11,,,
14.0775568485,Very high,Blocking,Very high,High,-783,657,1519,-2,4,7,,,
14.0780608654,Very high,Blocking,Very high,High,,,,,,,0.2500481904,0.7185226679,0.8403282762
14.0973160267,Very high,Blocking,Very high,High,-670,688,1584,-2,4,6,,,
14.118673563,Very high,Blocking,Very high,High,-607,727,1677,-3,3,7,,,
14.1390545368,Very high,Blocking,Very high,High,-546,761,1699,-5,1,8,,,
14.1409795284,Very high,Blocking,Very high,High,,,,,,,0.2259144485,0.7470007539,0.8339998126
14.1586711407,Very high,Blocking,Very high,High,-496,815,1603,-6,1,6,,,
14.1792938709,Very high,Blocking,Very high,High,-449,863,1595,-6,1,5,,,
14.2002179623,Very high,Blocking,Very high,High,-520,949,1485,-7,0,7,,,
14.2092182636,Very high,Blocking,Very high,High,,,,,,,0.2299988717,0.7761452198,0.8275232911
14.2202069759,Very high,Blocking,Very high,High,-618,929,1293,-8,1,6,,,
14.2431259155,Very high,Blocking,Very high,High,-708,950,895,-9,9,-1,,,
14.2615644932,Very high,Blocking,Very high,High,-699,1005,820,-8,13,-4,,,
14.2759530544,Very high,Blocking,Very high,High,,,,,,,0.2293937355,0.8130799532,0.8193155527
14.2816615105,Very high,Blocking,Very high,High,-644,1032,830,-7,15,-8,,,
14.3037657738,Very high,Blocking,Very high,High,-649,1131,993,-5,17,-11,,,
14.3229084015,Very high,Blocking,Very high,High,-721,1211,1052,-4,20,-13,,,
14.3430924416,Very high,Blocking,Very high,High,-756,1323,1134,-3,22,-14,,,
14.3475763798,Very high,Blocking,Very high,High,,,,,,,0.2485279292,0.8760091662,0.8053312898
14.3634648323,Very high,Blocking,Very high,High,-726,1620,1151,-1,20,-15,,,
14.3847541809,Very high,Blocking,Very high,High,-706,1643,980,-1,21,-16,,,
14.4011492729,Very high,Blocking,Very high,High,-678,1646,718,0,23,-20,,,
14.4107997417,Very high,Blocking,Very high,High,,,,,,,0.3561012447,0.9452027082,0.7899549603
14.4208517075,Very high,Blocking,Very high,High,-589,1767,51,-1,30,-33,,,
14.4415764809,Very high,Blocking,Very high,High,-586,1662,-270,-2,36,-41,,,
14.4617228508,Very high,Blocking,Very high,High,-1045,1337,-716,-6,48,-53,,,
14.4723947048,Very high,Blocking,Very high,High,,,,,,,0.3999444544,0.9926774502,0.7794049978
14.4833240509,Very high,Blocking,Very high,High,-1444,1520,-598,-5,53,-57,,,
14.5032207966,Very high,Blocking,Very high,High,-1834,1797,-94,-4,51,-56,,,
14.5236189365,Very high,Blocking,Very high,High,-2399,2127,1195,-11,40,-51,,,
14.5408661366,Very high,Blocking,Very high,High,,,,,,,0.3739840388,1.0055747032,0.7765389681
14.5441102982,Very high,Blocking,Very high,High,-2605,2564,1765,-16,34,-52,,,
14.5642864704,Very high,Blocking,Very high,High,-2762,3157,2193,-18,30,-48,,,
14.5854730606,Very high,Blocking,Very high,High,-2845,4002,2669,-18,24,-22,,,
14.6053249836,Very high,Blocking,Very high,High,,,,,,,0.3750234246,0.9800983667,0.7822003365
14.6061472893,Very high,Blocking,Very high,High,-3075,4271,2961,-19,25,-4,,,
14.6256711483,Very high,Blocking,Very high,High,-3526,4620,3592,-20,24,18,,,
14.6461484432,Very high,Blocking,Very high,High,-4626,5020,4692,-19,18,43,,,
14.6671154499,Very high,Blocking,Very high,High,-5043,4978,5073,-18,11,51,,,
14.6732389927,Very high,Blocking,Very high,High,,,,,,,0.3553240597,0.9318428636,0.7929238081
14.6871695518,Very high,Blocking,Very high,High,-5483,4791,5195,-19,8,61,,,
14.7098062038,Very high,Blocking,Very high,High,-6092,4187,5758,-19,0,70,,,
14.728161335,Very high,Blocking,Very high,High,-6410,3829,6147,-21,-8,74,,,
14.7495241165,Very high,Blocking,Very high,High,-7111,2860,5723,-25,-18,92,,,
14.7519278526,Very high,Blocking,Very high,High,,,,,,,0.2637374699,0.8492541313,0.8112768531
14.7696142197,Very high,Blocking,Very high,High,-7148,2532,5220,-23,-26,95,,,
14.7893087864,Very high,Blocking,Very high,High,-6982,2286,4814,-19,-34,93,,,
14.8110997677,Very high,Blocking,Very high,High,-5879,1148,3497,-6,-50,77,,,
14.8304176331,Very high,Blocking,Very high,High,-4577,626,2497,-2,-59,61,,,
14.8407757282,Very high,Blocking,Very high,High,,,,,,,0.2200906426,0.7894704342,0.8245621324
14.8509180546,Very high,Blocking,Very high,High,-3167,-71,1131,-4,-64,50,,,
14.871591568,Very high,Blocking,Very high,High,-512,-2306,-3027,-8,-32,58,,,
14.8930723667,Very high,Blocking,Very high,High,712,-2796,-5062,-10,2,54,,,
14.9097235203,Very high,Blocking,Very high,High,,,,,,,0.2587614357,0.7674415112,0.8294574618
14.9124174118,Very high,Blocking,Very high,High,1692,-2622,-6334,-11,31,45,,,
14.9336740971,Very high,Blocking,Very high,High,2995,-727,-5546,3,59,46,,,
14.9532306194,Very high,Blocking,Very high,High,3245,510,-2780,3,57,54,,,
14.9746894836,Very high,Blocking,Very high,High,,,,,,,0.2818166018,0.7333621979,0.8370306492
14.9747135639,Very high,Blocking,Very high,High,3152,874,3757,11,60,15,,,
14.994204998,Very high,Blocking,Very high,High,3678,1834,6029,5,32,11,,,
15.0152480602,Very high,Inactive,Very high,Medium,4212,2857,6770,4,12,3,,,
15.0358603001,Very high,Inactive,Very high,Medium,4709,3850,7668,10,6,-41,,,
15.0436370373,Very high,Inactive,Very high,Medium,,,,,,,0.4084207118,0.7129679322,0.8415626884
15.0557017326,Very high,Inactive,Very high,Medium,4744,3897,8277,11,-12,-51,,,
15.0765147209,Very high,Inactive,Very high,Medium,4562,3632,8581,3,-41,-57,,,
15.0967755318,Very high,Inactive,Very high,Medium,3897,2734,8050,-2,-67,-53,,,
15.1174490452,Very high,Inactive,Very high,Medium,1817,1214,4603,6,-69,-40,,,
15.1189565659,Very high,Inactive,Very high,Medium,,,,,,,0.4713533521,0.6534132957,0.8547970653
15.1382186413,Very high,Inactive,Very high,Medium,802,914,2475,13,-68,-38,,,
15.1588363647,Very high,Inactive,Very high,Medium,-1283,416,-1222,24,-74,-28,,,
15.1789317131,Very high,Inactive,Very high,Medium,-2212,744,-2779,25,-73,-26,,,
15.1994297504,Very high,Inactive,Very high,Medium,-2935,899,-4083,26,-79,-10,,,
15.2076880932,Very high,Inactive,Very high,Medium,,,,,,,0.3485637605,0.5533323884,0.8770372272
15.2195124626,Very high,Inactive,Very high,Medium,-3031,358,-7111,6,-62,58,,,
15.2410769463,Very high,Inactive,Very high,Medium,-2348,1199,-8621,-11,-21,54,,,
15.2605938911,Very high,Inactive,Very high,Medium,-1288,3138,-9012,-10,16,42,,,
15.2726433277,Very high,Inactive,Very high,Medium,,,,,,,0.6056212187,0.5369388461,0.880680263
15.2808592319,Very high,Inactive,Very high,Medium,-1039,2619,-8214,4,13,40,,,
15.3020617962,Very high,Inactive,Very high,Medium,-746,1333,-6446,-2,42,18,,,
15.3221364021,Very high,Inactive,Very high,Medium,74,-2011,1357,-13,83,-58,,,
15.3341181278,Very high,Inactive,Very high,Medium,,,,,,,0.6221454144,0.4724220037,0.8950173259
15.3426291943,Very high,Inactive,Very high,Medium,912,-2163,4786,-10,39,-61,,,
15.3628065586,Very high,Inactive,Very high,Medium,1053,-1913,6730,-10,-17,-54,,,
15.3844165802,Very high,Inactive,Very high,Medium,630,-584,6438,-27,-48,-40,,,
15.3966193199,Very high,Inactive,Very high,Medium,,,,,,,0,0,0
15.404958725,Very high,Inactive,Very high,Medium,65,-59,5825,-33,-42,-32,,,
15.4248421192,Very high,Inactive,Very high,Medium,-456,169,5004,-42,-38,-35,,,
15.4452490807,Very high,Inactive,Very high,Medium,-604,214,3612,-44,-24,-40,,,
15.4523632526,Very high,Inactive,Very high,Medium,,,,,,,0.6619666219,3.1321179867,0.303973794
15.4655864239,Very high,Inactive,Very high,Medium,-251,256,3217,-46,-24,-42,,,
15.482984066,Very high,Inactive,Very high,Medium,-253,646,2058,-45,-37,-54,,,
15.5027799606,Very high,Inactive,Very high,Medium,-676,992,1281,-41,-42,-70,,,
15.5200874805,Very high,Inactive,Very high,Medium,,,,,,,0,0,0
15.5228879452,Very high,Inactive,Very high,Medium,-1260,1252,74,-33,-39,-85,,,
15.5433473587,Very high,Inactive,Very high,Medium,-1879,2132,-2148,-11,-18,-110,,,
15.5634222031,Very high,Inactive,Very high,Medium,-1746,2709,-2446,0,1,-118,,,
15.5843708515,Very high,Inactive,Very high,Medium,-1873,2991,-1896,13,29,-130,,,
15.590321064,Very high,Inactive,Very high,Medium,,,,,,,0,0,0
15.6053376198,Very high,Inactive,Very high,Medium,-321,478,1451,13,51,-79,,,
15.6258320808,Very high,Inactive,Very high,Medium,1131,-2855,2287,-3,73,-51,,,
15.6461048126,Very high,Inactive,Very high,Medium,3152,-4309,2934,-15,86,-16,,,
15.6496579647,Very high,Inactive,Very high,Medium,,,,,,,0,0,0
15.670124054,Very high,Inactive,Very high,Medium,4433,-4064,2697,-4,85,-36,,,
15.6869242191,Very high,Inactive,Very high,Medium,3820,-4518,1600,4,94,-44,,,
15.7004556656,Very high,Inactive,Very high,Medium,,,,,,,0,0,0
15.7093148232,Very high,Inactive,Very high,Medium,3196,-4878,626,-1,108,-43,,,
15.7273695469,Very high,Inactive,Very high,Medium,2462,-3887,839,6,136,-19,,,
15.7482049465,Very high,Inactive,Very high,Medium,2432,-3333,1215,2,132,-17,,,
15.7515492439,Very high,Inactive,Very high,Medium,,,,,,,0,0,0
15.7701880932,Very high,Inactive,Very high,Medium,2330,-3350,1492,-4,104,-9,,,
15.7900471687,Very high,Inactive,Very high,Medium,2801,-3060,1508,-3,97,-3,,,
15.8107895851,Very high,Inactive,Very high,Medium,3805,-2655,1789,-5,80,-10,,,
15.8181562424,Very high,Inactive,Very high,Medium,,,,,,,0,0,0
15.8297994137,Very high,Inactive,Very high,Medium,4991,-1780,2677,-16,38,-12,,,
15.8511464596,Very high,Inactive,Very high,Medium,5017,-1371,2741,-24,23,-9,,,
15.8727788925,Very high,Inactive,Very high,Medium,4414,-1460,2402,-28,14,-4,,,
15.8875784874,Very high,Inactive,Very high,Medium,,,,,,,0,0,0
15.8912689686,Very high,Inactive,Very high,Medium,2942,-1416,1243,-26,14,-3,,,
15.9120872021,Very high,Inactive,Very high,Medium,2794,-846,956,-24,7,-6,,,
15.9328792095,Very high,Inactive,Very high,Medium,2553,-340,647,-20,-3,-16,,,
15.9470744133,Very high,Inactive,Very high,Medium,,,,,,,0,0,0
15.9526510239,Very high,Inactive,Very high,Medium,1434,-402,213,-13,-6,-13,,,
15.9740462303,Very high,Inactive,Very high,Medium,1049,-326,135,-15,-4,-6,,,
15.9940013885,Very high,Inactive,Very high,Medium,916,90,105,-16,-5,2,,,
15.9998428822,Very high,Inactive,Very high,Medium,,,,,,,0,0,0
16.0146310329,Very high,Inactive,Very high,Medium,950,775,-28,-19,-12,11,,,
16.0352706909,Very high,Inactive,Very high,Medium,944,1399,-301,-19,-20,15,,,
16.0555639267,Very high,Inactive,Very high,Medium,810,1600,-667,-18,-28,12,,,
16.0618960857,Very high,Inactive,Very high,Medium,,,,,,,0,0,0
16.076082468,Very high,Inactive,Very high,Medium,431,1188,-1083,-15,-35,5,,,
16.0959866047,Very high,Inactive,Very high,Medium,-150,348,-1492,-11,-28,-4,,,
16.1157872677,Very high,Inactive,Very high,Medium,,,,,,,0,0,0
16.1176815033,Very high,Inactive,Very high,Medium,121,180,-462,-9,1,2,,,
16.1376543045,Very high,Inactive,Very high,Medium,824,825,453,-17,-5,3,,,
16.1576266289,Very high,Inactive,Very high,Medium,794,1191,932,-21,-20,-6,,,
16.1676244736,Very high,Inactive,Very high,Medium,,,,,,,0,0,0
16.1782310009,Very high,Inactive,Very high,Medium,340,939,896,-19,-24,-22,,,
16.1997795105,Very high,Inactive,Very high,Medium,336,836,972,-17,-21,-24,,,
16.2194225788,Very high,Inactive,Very high,Medium,191,805,1019,-16,-19,-23,,,
16.2250773907,Very high,Inactive,Very high,Medium,,,,,,,0,0,0
16.2409179211,Very high,Inactive,Very high,Medium,-153,986,936,-13,-21,-14,,,
16.2598280907,Very high,Inactive,Very high,Medium,-186,1061,985,-11,-22,-10,,,
16.2817077637,Very high,Inactive,Very high,Medium,-29,716,880,-9,-20,-9,,,
16.2826519012,Very high,Inactive,Very high,Medium,,,,,,,0,0,0
16.3019566536,Very high,Inactive,Very high,Medium,118,563,819,-8,-19,-8,,,
16.3220059872,Very high,Inactive,Very high,Medium,210,507,754,-7,-18,-6,,,
16.3356933594,Very high,Inactive,Very high,Medium,,,,,,,0,0,0
16.3430752754,Very high,Inactive,Very high,Medium,385,739,695,-6,-15,-6,,,
16.3622319698,Very high,Inactive,Very high,Medium,327,813,674,-5,-16,-5,,,
16.3828890324,Very high,Inactive,Very high,Medium,229,802,628,-3,-16,-3,,,
16.3865127563,Very high,Inactive,Very high,Medium,,,,,,,0,0,0
16.4066565037,Very high,Inactive,Very high,Medium,234,828,480,-2,-12,-3,,,
16.4246761799,Very high,Inactive,Very high,Medium,227,904,444,-3,-12,-6,,,
16.4443807602,Very high,Inactive,Very high,Medium,186,939,398,-3,-11,-7,,,
16.4522423744,Very high,Inactive,Very high,Medium,,,,,,,0,0,0
16.4646039009,Very high,Inactive,Very high,Medium,43,923,468,-2,-12,-6,,,
16.4850990772,Very high,Inactive,Very high,Medium,-41,960,478,-1,-13,-4,,,
16.5068430901,Medium,Inactive,Very high,High,-54,1087,510,-1,-12,-1,,,
16.5207138062,Medium,Inactive,Very high,High,,,,,,,0,0,0
16.5260510445,Medium,Inactive,Very high,High,-36,1088,541,-2,-11,0,,,
16.5467522144,Medium,Inactive,Very high,High,27,1045,623,-2,-12,2,,,
16.5629527569,Medium,Inactive,Very high,High,152,976,708,-3,-14,2,,,
16.5873064995,Medium,Inactive,Very high,High,,,,,,,0,0,0
16.5878899097,Medium,Inactive,Very high,High,268,959,750,-5,-17,1,,,
16.608496666,Medium,Inactive,Very high,High,290,1006,791,-5,-19,0,,,
16.6284954548,Medium,Inactive,Very high,High,205,967,759,-6,-20,1,,,
16.6488723755,Medium,Inactive,Very high,High,,,,,,,0,0,0
16.6496126652,Medium,Inactive,Very high,High,110,859,691,-6,-17,2,,,
16.6697814465,Medium,Inactive,Very high,High,-1,893,713,-5,-9,1,,,
16.6901929379,Medium,Inactive,Very high,High,-19,943,786,-5,-7,0,,,
16.7034986019,Medium,Running,Very high,High,,,,,,,0,0,0
16.7110977173,Medium,Running,Very high,High,-13,932,827,-5,-7,1,,,
16.7331526279,Medium,Running,Very high,High,56,862,917,-6,-7,2,,,
16.7514431477,Medium,Running,Very high,High,31,838,983,-6,-7,1,,,
16.7522783279,Medium,Running,Very high,High,,,,,,,0,0,0
16.7727530003,Medium,Running,Very high,High,-33,833,1019,-7,-8,1,,,
16.7933564186,Medium,Running,Very high,High,-144,872,1023,-6,-8,-2,,,
16.8140099049,Medium,Running,Very high,High,-173,915,999,-5,-6,-2,,,
16.8173878193,Medium,Running,Very high,High,,,,,,,0,0,0
16.8338105679,Medium,Running,Very high,High,-184,979,1004,-4,-5,0,,,
16.8536584377,Medium,Running,Very high,High,-96,1074,1070,-3,-5,1,,,
16.8760318756,Medium,Running,Very high,High,-39,1065,1101,-3,-6,2,,,
16.8895814419,Medium,Running,Very high,High,,,,,,,0,0,0
16.894723177,Medium,Running,Very high,High,-168,1014,912,-3,-7,3,,,
16.9159290791,Medium,Running,Very high,High,-200,1015,747,-3,-6,2,,,
16.9368581772,Medium,Running,Very high,High,-222,1010,671,-2,-3,1,,,
16.9462211132,Medium,Running,Very high,High,,,,,,,0,0,0
16.9561705589,Medium,Running,Very high,High,-227,1107,774,-1,-1,2,,,
16.9771502018,Medium,Running,Very high,High,-233,1166,899,0,-1,2,,,
16.9976210594,Medium,Running,Very high,High,-231,1185,1023,0,-3,4,,,
17.0009856224,Medium,Running,Very high,High,,,,,,,0,0,0
17.0179972649,Medium,Running,Very high,High,-164,1052,1041,-1,-4,6,,,
17.0388212204,Medium,Running,Very high,High,-67,991,997,-2,-2,4,,,
17.0509283543,Medium,Running,Very high,High,,,,,,,0,0,0
17.0585517883,Medium,Running,Very high,High,-8,955,997,-1,-1,2,,,
17.0798633099,Medium,Running,Very high,High,14,890,1152,-1,0,-1,,,
17.1002044678,Medium,Running,Very high,High,-38,908,1237,-1,1,0,,,
17.1180531979,Medium,Running,Very high,High,,,,,,,0,0,0
17.1204209328,Medium,Running,Very high,High,-50,940,1280,-1,2,1,,,
17.1408302784,Medium,Running,Very high,High,96,1023,1401,-1,5,6,,,
17.1611151695,Medium,Running,Very high,High,174,1021,1405,-1,5,8,,,
17.1826455593,Medium,Running,Very high,High,132,1120,1268,-2,5,10,,,
17.1866996288,Medium,Running,Very high,High,,,,,,,0,0,0
17.2027842999,Medium,Running,Very high,High,124,1195,1188,-2,6,10,,,
17.2232604027,Medium,Running,Very high,High,181,1257,1160,-1,6,9,,,
17.2432522774,Medium,Running,Very high,High,303,1208,1186,-1,4,9,,,
17.2503550053,Medium,Running,Very high,High,,,,,,,0,0,0
17.2639598846,Medium,Running,Very high,High,293,1181,1180,-1,4,8,,,
17.2847733498,Medium,Running,Very high,High,207,1202,1134,-1,4,8,,,
17.301330328,Medium,Running,Very high,High,-17,1190,973,-1,4,6,,,
17.3161585331,Medium,Running,Very high,High,,,,,,,0,0,0
17.3207325935,Medium,Running,Very high,High,-113,1137,965,-1,5,5,,,
17.3416450024,Medium,Running,Very high,High,-230,1115,1007,-1,6,4,,,
17.3618175983,Medium,Running,Very high,High,-412,1098,1157,0,8,4,,,
17.3664014339,Medium,Running,Very high,High,,,,,,,0,0,0
17.3825335503,Medium,Running,Very high,High,-457,1119,1207,-1,8,5,,,
17.4035849571,Medium,Running,Very high,High,-495,1017,1270,-2,7,7,,,
17.4140906334,Medium,Running,Very high,High,,,,,,,0,0,0
17.4230222702,Medium,Running,Very high,High,-516,945,1197,-2,7,8,,,
17.4439299107,Medium,Running,Very high,High,-484,938,1138,-1,8,6,,,
17.4679784775,Medium,Running,Very high,High,-412,917,1146,1,11,6,,,
17.4698200226,Medium,Running,Very high,High,,,,,,,0,0,0
17.485963583,Medium,Running,Very high,High,-356,978,1201,1,10,7,,,
17.506881237,Medium,Running,Very high,High,-309,1029,1229,1,9,7,,,
17.5243661404,Medium,Running,Very high,High,,,,,,,0,0,0
17.5256721973,Medium,Running,Very high,High,-282,1045,1107,0,6,8,,,
17.5464327335,Medium,Running,Very high,High,-273,1011,966,0,5,9,,,
17.5670392513,Medium,Running,Very high,High,-253,972,795,0,6,9,,,
17.5839197636,Medium,Running,Very high,High,,,,,,,0,0,0
17.5870187283,Medium,Running,Very high,High,-126,953,619,0,8,7,,,
17.6078977585,Medium,Running,Very high,High,-63,948,647,0,8,7,,,
17.6288108826,Medium,Running,Very high,High,-22,923,708,-1,7,6,,,
17.63793993,Medium,Running,Very high,High,,,,,,,0,0,0
17.6487979889,Medium,Running,Very high,High,42,848,769,-2,6,3,,,
17.6694860458,Medium,Running,Very high,High,48,863,776,-3,7,1,,,
17.6877613068,Medium,Running,Very high,High,,,,,,,0,0,0
17.6896505356,Medium,Running,Very high,High,26,869,785,-3,6,0,,,
17.711586237,Medium,Running,Very high,High,-96,744,774,-3,7,1,,,
17.73188591,Medium,Running,Very high,High,-97,742,859,-3,8,0,,,
17.7517135143,Medium,Running,Very high,High,,,,,,,0,0,0
17.7518384457,Medium,Running,Very high,High,-90,858,1063,-4,6,-2,,,
17.7723011971,Medium,Running,Very high,High,-109,914,1058,-4,5,-3,,,
17.7917592525,Medium,Running,Very high,High,-141,955,1032,-3,5,-3,,,
17.8123316765,Medium,Running,Very high,High,-176,1076,1008,0,6,-3,,,
17.8215134144,Medium,Running,Very high,High,,,,,,,0,0,0
17.8331263065,Medium,Running,Very high,High,-203,1089,969,0,6,-2,,,
17.8537890911,Medium,Running,Very high,High,-229,1082,917,1,6,-2,,,
17.8744626045,Medium,Running,Very high,High,-205,1085,752,1,7,-2,,,
17.8829977512,Medium,Running,Very high,High,,,,,,,0,0,0
17.8941316605,Medium,Running,Very high,High,-134,1153,690,1,8,-4,,,
17.9149093628,Medium,Running,Very high,High,-132,1271,644,2,6,-3,,,
17.937066555,Medium,Running,Very high,High,,,,,,,0,0,0
17.9377474785,Medium,Running,Very high,High,-228,1316,578,2,6,-1,,,
17.956294775,Medium,Running,Very high,High,-346,1315,468,3,6,0,,,
17.9764943123,Medium,Running,Very high,High,-464,1293,210,4,10,-1,,,
17.9956777096,Medium,Running,Very high,High,,,,,,,0,0,0
17.9965395927,Medium,Running,Very high,High,-475,1298,222,5,11,-2,,,
18.0173988342,High,Running,Very high,Very high,-398,1308,384,6,11,-4,,,
18.0389063358,High,Running,Very high,Very high,-163,1352,905,5,5,-3,,,
18.0508499146,High,Running,Very high,Very high,,,,,,,0,0,0
18.0583872795,High,Running,Very high,Very high,-58,1329,887,5,4,0,,,
18.0802764893,High,Running,Very high,Very high,-23,1191,742,6,5,-2,,,
18.0992047787,High,Running,Very high,Very high,-242,507,370,9,2,-20,,,
18.1130416393,High,Running,Very high,Very high,,,,,,,0,0,0
18.1195497513,High,Running,Very high,Very high,-320,244,112,13,3,-22,,,
18.1406188011,High,Running,Very high,Very high,-224,191,-63,16,10,-19,,,
18.1613273621,High,Running,Very high,Very high,249,665,183,22,15,-12,,,
18.1696681976,High,Running,Very high,Very high,,,,,,,0,0,0
18.1814198494,High,Running,Very high,Very high,390,852,503,24,13,-9,,,
18.2017614841,High,Running,Very high,Very high,568,904,1390,24,11,-2,,,
18.2156329155,High,Running,Very high,Very high,,,,,,,0,0,0
18.2217447758,High,Running,Very high,Very high,596,881,1715,20,14,4,,,
18.2433197498,High,Running,Very high,Very high,641,867,1775,14,14,6,,,
18.2631804943,High,Running,Very high,Very high,503,856,1279,5,13,4,,,
18.2724483013,High,Running,Very high,Very high,,,,,,,0,0,0
18.2837684155,High,Running,Very high,Very high,164,840,959,3,15,2,,,
18.304510355,High,Running,Very high,Very high,-152,942,758,3,16,-7,,,
18.3244440556,High,Running,Very high,Very high,-666,1442,991,2,9,-16,,,
18.3251197338,High,Running,Very high,Very high,,,,,,,0,0,0
18.3448123932,High,Running,Very high,Very high,-766,1588,1168,0,4,-15,,,
18.3650376797,High,Running,Very high,Very high,-800,1675,1250,-3,1,-12,,,
18.3817646503,High,Running,Very high,Very high,,,,,,,0,0,0
18.3828165531,High,Running,Very high,Very high,-818,1717,1191,-8,-3,-7,,,
18.4023990631,High,Running,Very high,Very high,-760,1659,1133,-10,-4,-3,,,
18.4230480194,High,Inactive,Very high,Very high,-442,1385,1137,-14,-7,3,,,
18.43435359,High,Inactive,Very high,Very high,,,,,,,0,0,0
18.4439737797,High,Inactive,Very high,Very high,-236,1319,1134,-15,-8,5,,,
18.4646434784,High,Inactive,Very high,Very high,-97,1274,1108,-16,-10,6,,,
18.4840111732,High,Inactive,Very high,Very high,,,,,,,0,0,0
18.4842503071,High,Inactive,Very high,Very high,-80,1068,1044,-18,-14,9,,,
18.5056352615,High,Inactive,Very high,Very high,-156,915,963,-18,-15,10,,,
18.5254676342,High,Inactive,Very high,Very high,-197,827,882,-18,-15,9,,,
18.5458481312,High,Inactive,Very high,Very high,-289,760,814,-18,-16,8,,,
18.5505595207,High,Inactive,Very high,Very high,,,,,,,0,0,0
18.5662138462,High,Inactive,Very high,Very high,-341,726,731,-16,-14,8,,,
18.5865693092,High,Inactive,Very high,Very high,-330,767,716,-15,-11,6,,,
18.5979804993,High,Inactive,Very high,Very high,,,,,,,0,0,0
18.6078057289,High,Inactive,Very high,Very high,-186,857,815,-14,-10,4,,,
18.6274917126,High,Inactive,Very high,Very high,-76,789,889,-15,-12,4,,,
18.649074316,High,Inactive,Very high,Very high,-14,663,975,-15,-13,5,,,
18.6500267982,High,Inactive,Very high,Very high,,,,,,,0,0,0
18.6696312428,High,Inactive,Very high,Very high,2,592,1028,-14,-13,5,,,
18.6912059784,High,Inactive,Very high,Very high,-38,662,993,-13,-12,6,,,
18.7022452354,High,Inactive,Very high,Very high,,,,,,,0,0,0
18.7110464573,High,Inactive,Very high,Very high,-122,882,926,-10,-9,7,,,
18.7312290668,High,Inactive,Very high,Very high,-103,977,943,-9,-8,6,,,
18.7502629757,High,Inactive,Very high,Very high,-31,1034,1006,-8,-9,4,,,
18.7520151138,High,Inactive,Very high,Very high,,,,,,,0,0,0
18.7715549469,High,Inactive,Very high,Very high,3,958,1053,-7,-10,4,,,
18.7916724682,High,Inactive,Very high,Very high,-70,915,1021,-6,-10,5,,,
18.8123424053,High,Inactive,Very high,Very high,-183,923,963,-5,-9,5,,,
18.819029808,High,Inactive,Very high,Very high,,,,,,,0,0,0
18.832754612,High,Inactive,Very high,Very high,-351,1111,871,-4,-4,4,,,
18.8530101776,High,Inactive,Very high,Very high,-352,1168,924,-4,-3,3,,,
18.8747429848,High,Inactive,Very high,Very high,-331,1123,1020,-4,-5,3,,,
18.8898794651,High,Inactive,Very high,Very high,,,,,,,0,0,0
18.8935387135,High,Inactive,Very high,Very high,-311,1011,1129,-4,-7,4,,,
18.9146733284,High,Inactive,Very high,Very high,-318,1009,1104,-3,-8,4,,,
18.9347467422,High,Inactive,Very high,Very high,-298,956,1024,-2,-8,5,,,
18.9490511417,High,Inactive,Very high,Very high,,,,,,,0,0,0
18.9549252987,High,Inactive,Very high,Very high,-244,872,989,-2,-8,6,,,
18.9761893749,High,Inactive,Very high,Very high,-178,793,965,-1,-7,5,,,
18.9967062473,High,Inactive,Very high,Very high,-81,749,935,-1,-6,5,,,
19.0161745548,High,Inactive,Very high,Very high,,,,,,,0,0,0
19.0168001652,High,Inactive,Very high,Very high,39,838,994,-2,-4,3,,,
19.0379226208,High,Inactive,Very high,Very high,33,912,1066,-2,-4,2,,,
19.0578718185,High,Inactive,Very high,Very high,-229,909,990,-4,-6,3,,,
19.0780763626,High,Inactive,Very high,Very high,-287,920,819,-4,-4,2,,,
19.0852613449,High,Inactive,Very high,Very high,,,,,,,0,0,0
19.1031422615,High,Inactive,Very high,Very high,-298,917,753,-2,2,1,,,
19.1195771694,High,Inactive,Very high,Very high,-337,918,853,-2,2,2,,,
19.140891552,High,Inactive,Very high,Very high,-389,913,960,-3,2,2,,,
19.1538994312,High,Inactive,Very high,Very high,,,,,,,0,0,0
19.159727335,High,Inactive,Very high,Very high,-432,852,1135,-3,1,2,,,
19.1806294918,High,Inactive,Very high,Very high,-405,823,1199,-3,2,2,,,
19.2016377449,High,Inactive,Very high,Very high,-345,822,1261,-3,3,2,,,
19.2154831886,High,Inactive,Very high,Very high,,,,,,,0,0,0
19.2211546898,High,Inactive,Very high,Very high,-269,828,1328,-4,2,2,,,
19.2466495037,High,Inactive,Very high,Very high,-246,838,1325,-4,3,2,,,
19.2668552399,High,Inactive,Very high,Very high,-206,855,1319,-4,4,1,,,
19.2707583904,High,Inactive,Very high,Very high,,,,,,,0,0,0
19.2869844437,High,Inactive,Very high,Very high,-181,853,1343,-4,4,2,,,
19.308224678,High,Inactive,Very high,Very high,-189,835,1356,-4,3,2,,,
19.3226077557,High,Inactive,Very high,Very high,,,,,,,0,0,0
19.3278436661,High,Inactive,Very high,Very high,-269,804,1284,-5,2,1,,,
19.3485412598,High,Inactive,Very high,Very high,-293,780,1229,-5,4,0,,,
19.3694775105,High,Inactive,Very high,Very high,-258,795,1254,-6,4,-1,,,
19.3808550835,High,Inactive,Very high,Very high,,,,,,,0,0,0
19.3891201019,High,Inactive,Very high,Very high,-204,859,1357,-6,3,-2,,,
19.4100162983,High,Inactive,Very high,Very high,-177,885,1367,-6,2,-3,,,
19.4308238029,High,Inactive,Very high,Very high,-119,865,1376,-7,0,-3,,,
19.4340276718,High,Inactive,Very high,Very high,,,,,,,0,0,0
19.4470043182,High,Inactive,Very high,Very high,-41,822,1339,-8,-5,-5,,,
19.467710495,High,Inactive,Very high,Very high,-59,799,1177,-7,-5,-6,,,
19.4827158451,High,Inactive,Very high,Very high,,,,,,,0,0,0
19.4873738289,High,Inactive,Very high,Very high,-62,833,974,-6,-3,-7,,,
19.5096347332,Very high,Inactive,Very high,Medium,-12,941,919,-4,0,-8,,,
19.5296468735,Very high,Inactive,Very high,Medium,-47,971,937,-4,-1,-7,,,
19.5401632786,Very high,Inactive,Very high,Medium,,,,,,,0,0,0
19.5493514538,Very high,Inactive,Very high,Medium,-127,971,884,-3,-1,-7,,,
19.5699644089,Very high,Inactive,Very high,Medium,-141,1010,882,-3,1,-8,,,
19.5870723724,Very high,Inactive,Very high,Medium,,,,,,,0,0,0
19.5898003578,Very high,Inactive,Very high,Medium,-186,1049,945,-2,2,-8,,,
19.6111164093,Very high,Inactive,Very high,Medium,-308,988,980,-1,4,-8,,,
19.6310653687,Very high,Inactive,Very high,Medium,-310,957,1060,-1,6,-9,,,
19.6490125656,Very high,Inactive,Very high,Medium,,,,,,,0,0,0
19.6518368721,Very high,Inactive,Very high,Medium,-322,936,1219,-1,7,-8,,,
19.6725232601,Very high,Inactive,Very high,Medium,-306,1047,1526,-2,5,-6,,,
19.6929512024,Very high,Inactive,Very high,Medium,-280,1048,1555,-2,4,-5,,,
19.7022087574,Very high,Inactive,Very high,Medium,,,,,,,0,0,0
19.713003397,Very high,Inactive,Very high,Medium,-293,997,1530,-2,4,-4,,,
19.7339849472,Very high,Inactive,Very high,Medium,-276,897,1407,-2,5,-3,,,
19.750936985,Very high,Inactive,Very high,Medium,,,,,,,0,0,0
19.7539329529,Very high,Inactive,Very high,Medium,-231,857,1353,-2,5,-3,,,
19.7767505646,Very high,Inactive,Very high,Medium,-162,793,1303,-3,5,-2,,,
19.7947955132,Very high,Inactive,Very high,Medium,-140,775,1266,-3,5,-2,,,
19.8107221127,Very high,Inactive,Very high,Medium,,,,,,,0,0,0
19.815841198,Very high,Inactive,Very high,Medium,-111,787,1238,-3,6,-2,,,
19.8361432552,Very high,Inactive,Very high,Medium,-84,856,1264,-3,6,0,,,
19.8563168049,Very high,Inactive,Very high,Medium,-97,889,1256,-3,6,0,,,
19.8603768349,Very high,Inactive,Very high,Medium,,,,,,,0,0,0
19.8773114681,Very high,Inactive,Very high,Medium,-101,922,1232,-4,5,0,,,
19.8974490166,Very high,Inactive,Very high,Medium,-132,862,1129,-2,4,-1,,,
19.917822361,Very high,Inactive,Very high,Medium,-135,828,1078,-2,5,-2,,,
19.9253423214,Very high,Inactive,Very high,Medium,,,,,,,0,0,0
19.9385735989,Very high,Inactive,Very high,Medium,-114,836,1074,-1,6,-2,,,
19.9589762688,Very high,Inactive,Very high,Medium,21,829,1134,0,4,-4,,,
19.9790599346,Very high,Inactive,Very high,Medium,57,820,1138,0,4,-4,,,
19.9953966141,Very high,Inactive,Very high,Medium,,,,,,,0.5495086908,2.3022825718,0.4883816242
19.9995558262,Very high,Inactive,Very high,Medium,40,825,1137,0,4,-4,,,
20.0198969841,Very high,Inactive,Very high,Medium,16,820,1102,1,4,-3,,,
20.0409431458,Very high,Inactive,Very high,Medium,5,820,1099,1,4,-3,,,
20.0608549118,Very high,Inactive,Very high,Medium,-10,835,1051,1,5,-3,,,
20.0706934929,Very high,Inactive,Very high,Medium,,,,,,,0.2782967985,0.7544118762,0.8323529363
20.0828728676,Very high,Inactive,Very high,Medium,-10,829,1013,1,5,-3,,,
20.1019661427,Very high,Inactive,Very high,Medium,16,831,992,1,6,-3,,,
20.1228606701,Very high,Inactive,Very high,Medium,67,860,1087,0,5,-5,,,
20.1436984539,Very high,Inactive,Very high,Medium,35,875,1108,0,4,-5,,,
20.1632552147,Very high,Inactive,Very high,Medium,0,912,1068,0,4,-5,,,
20.1674280167,Very high,Inactive,Very high,Medium,,,,,,,0.3446370661,0.7675552368,0.8294321895
20.1838440895,Very high,Inactive,Very high,Medium,-111,921,994,0,6,-3,,,
20.2056853771,Very high,Inactive,Very high,Medium,-115,936,1002,1,6,-3,,,
20.2252039909,Very high,Inactive,Very high,Medium,-58,948,1041,1,6,-3,,,
20.2452881336,Very high,Inactive,Very high,Medium,32,929,1028,0,5,-4,,,
20.2515566349,Very high,Inactive,Very high,Medium,,,,,,,0.4326334,0.8270345926,0.8162145615
20.2661721706,Very high,Inactive,Very high,Medium,9,928,991,0,4,-4,,,
20.2865798473,Very high,Inactive,Very high,Medium,-63,979,884,-1,5,-1,,,
20.3082373142,Very high,Inactive,Very high,Medium,-71,1031,847,-2,5,-1,,,
20.327105999,Very high,Inactive,Very high,Medium,-74,1072,802,-2,5,0,,,
20.3443837166,Very high,Inactive,Very high,Medium,,,,,,,0.4941887259,0.8605674505,0.8087627888
20.3478944302,Very high,Inactive,Very high,Medium,-34,1162,774,-2,7,0,,,
20.3710603714,Very high,Inactive,Very high,Medium,-7,1226,799,-1,8,0,,,
20.388941288,Very high,Inactive,Very high,Medium,5,1287,869,-1,9,-1,,,
20.4092936516,Very high,Inactive,Very high,Medium,-41,1316,1129,-1,11,-2,,,
20.4178164005,Very high,Inactive,Very high,Medium,,,,,,,0.5742182136,0.8743540049,0.80569911
20.4296071529,Very high,Inactive,Very high,Medium,-148,1271,1233,0,13,-1,,,
20.4510583878,Very high,Inactive,Very high,Medium,-266,1254,1268,2,15,1,,,
20.4726793766,Very high,Inactive,Very high,Medium,-254,1270,1192,3,20,6,,,
20.4931869507,Very high,Inactive,Very high,Medium,-131,1220,1153,3,22,8,,,
20.506526947,Very high,Inactive,Very high,Medium,,,,,,,0.4248690903,0.8569121957,0.8095750809
20.5114817619,Very high,Inactive,Very high,Medium,13,1134,1150,3,22,9,,,
20.52906847,Very high,Inactive,Very high,Medium,251,975,1071,2,21,7,,,
20.5493299961,Very high,Inactive,Very high,Medium,347,927,1005,1,20,5,,,
20.5727021694,Very high,Inactive,Very high,Medium,366,815,898,0,16,6,,,
20.5761120319,Very high,Inactive,Very high,Medium,,,,,,,0.3201066852,0.8279568553,0.8160095811
20.5893111229,Very high,Inactive,Very high,Medium,349,752,892,-1,15,8,,,
20.6105875969,Very high,Inactive,Very high,Medium,319,754,967,-2,13,9,,,
20.630928278,Very high,Inactive,Very high,Medium,169,912,1217,-3,8,8,,,
20.6515471935,Very high,Inactive,Very high,Medium,108,991,1350,-4,6,7,,,
20.6602530479,Very high,Inactive,Very high,Medium,,,,,,,0.3107051849,0.8107804656,0.8198265433
20.6716928482,Very high,Inactive,Very high,Medium,66,1069,1460,-4,4,7,,,
20.6924676895,Very high,Inactive,Very high,Medium,-67,1133,1312,-5,2,5,,,
20.7122356892,Very high,Inactive,Very high,Medium,-130,1089,1162,-5,2,4,,,
20.7347662449,Very high,Inactive,Very high,Medium,-224,1006,1069,-5,3,4,,,
20.7398760319,Very high,Inactive,Very high,Medium,,,,,,,0.3645651937,0.8080232143,0.8204392791
20.7535941601,Very high,Inactive,Very high,Medium,-312,940,940,-4,3,6,,,
20.7751288414,Very high,Inactive,Very high,Medium,-289,960,885,-3,3,6,,,
20.7941179276,Very high,Inactive,Very high,Medium,-254,1117,843,-2,4,6,,,
20.815615654,Very high,Inactive,Very high,Medium,-275,1166,912,-2,3,7,,,
20.8164861202,Very high,Inactive,Very high,Medium,,,,,,,0.4446706474,0.8287397623,0.8158355951
20.8367547989,Very high,Inactive,Very high,Medium,-294,1163,971,-2,2,7,,,
20.8578312397,Very high,Inactive,Very high,Medium,-301,1112,968,-1,0,7,,,
20.87652421,Very high,Inactive,Very high,Medium,-324,1121,925,0,1,6,,,
20.8964655399,Very high,Inactive,Very high,Medium,-391,1157,888,1,1,7,,,
20.9018230438,Very high,Inactive,Very high,Medium,,,,,,,0.5103216767,0.8471480608,0.8117448688
20.9173340797,Very high,Inactive,Very high,Medium,-526,1199,781,-1,2,8,,,
20.9379396439,Very high,Inactive,Very high,Medium,-537,1166,773,-3,3,9,,,
20.9579648972,Very high,Inactive,Very high,Medium,-538,1131,824,-3,2,8,,,
20.9745633602,Very high,Inactive,Very high,Medium,,,,,,,0.5125110745,0.8355355859,0.8143254519
20.9792137146,Very high,Inactive,Very high,Medium,-499,1082,892,-4,-2,7,,,
20.9992880821,Very high,Inactive,Very high,Medium,-462,1071,843,-4,-3,6,,,
21.0193817616,Very high,Inactive,Very high,Low,-444,1069,799,-4,-4,5,,,
21.0407078266,Very high,Inactive,Very high,Low,-423,969,753,-4,-3,5,,,
21.0601937771,Very high,Inactive,Very high,Low,-380,933,758,-4,-3,6,,,
21.0621621609,Very high,Inactive,Very high,Low,,,,,,,0.497181654,0.828643918,0.8158569336
21.0812060833,Very high,Inactive,Very high,Low,-369,959,775,-5,-2,6,,,
21.1039032936,Very high,Inactive,Very high,Low,-352,1005,749,-4,-1,5,,,
21.1221926212,Very high,Inactive,Very high,Low,-378,1051,764,-4,0,4,,,
21.1424524784,Very high,Inactive,Very high,Low,-480,1068,849,-4,-1,4,,,
21.1431410313,Very high,Inactive,Very high,Low,,,,,,,0.499458164,0.8346784711,0.8145158887
21.1626062393,Very high,Inactive,Very high,Low,-478,996,811,-4,-1,5,,,
21.1842496395,Very high,Inactive,Very high,Low,-449,960,795,-4,-1,5,,,
21.204918623,Very high,Inactive,Very high,Low,-383,1010,886,-6,-3,4,,,
21.2241721153,Very high,Inactive,Very high,Low,-477,1003,930,-7,-5,3,,,
21.2333877087,Very high,Inactive,Very high,Low,,,,,,,0.5015402436,0.8377298117,0.8138378263
21.2448272705,Very high,Inactive,Very high,Low,-478,1053,868,-8,-6,3,,,
21.2650845051,Very high,Inactive,Very high,Low,-455,1120,772,-8,-5,1,,,
21.2858481407,Very high,Inactive,Very high,Low,-477,1145,738,-7,-4,2,,,
21.307297945,Very high,Inactive,Very high,Low,-542,1219,768,-8,-4,4,,,
21.3264651299,Very high,Inactive,Very high,Low,-585,1253,753,-8,-2,5,,,
21.3322193623,Very high,Inactive,Very high,Low,,,,,,,0.5046396852,0.8416355252,0.8129698634
21.3472337723,Very high,Inactive,Very high,Low,-591,1293,776,-8,-1,5,,,
21.3678703308,Very high,Inactive,Very high,Low,-561,1330,997,-9,-3,5,,,
21.388122797,Very high,Inactive,Very high,Low,-578,1314,1105,-9,-5,5,,,
21.4087808132,Very high,Inactive,Very high,Low,-584,1315,1163,-10,-6,6,,,
21.4289450645,Very high,Inactive,Very high,Low,-543,1298,1114,-10,-7,5,,,
21.4314134121,Very high,Inactive,Very high,Low,,,,,,,0.5194956064,0.8405200243,0.8132177591
21.4502484798,Very high,Inactive,Very high,Low,-501,1244,1104,-9,-6,4,,,
21.4705750942,Very high,Inactive,Very high,Low,-449,1149,1111,-9,-7,4,,,
21.4903934002,Very high,Inactive,Very high,Low,-327,969,1068,-8,-7,3,,,
21.5117576122,Very high,Inactive,Very high,Low,-251,886,980,-8,-5,2,,,
21.5204284191,Very high,Inactive,Very high,Low,,,,,,,0.4298547506,0.8733863235,0.8059141636
21.5317606926,Very high,Inactive,Very high,Low,-185,817,902,-7,-2,2,,,
21.5519020557,Very high,Inactive,Very high,Low,-159,776,864,-4,5,0,,,
21.5740106106,Very high,Inactive,Very high,Low,-191,805,949,-4,7,0,,,
21.5932915211,Very high,Inactive,Very high,Low,-228,846,1075,-3,7,1,,,
21.6052947044,Very high,Inactive,Very high,Low,,,,,,,0.3924735188,0.8890988231,0.8024224639
21.6148431301,Very high,Inactive,Very high,Low,-289,913,1164,-3,7,4,,,
21.6345043182,Very high,Inactive,Very high,Low,-284,960,1150,-3,7,4,,,
21.6542181969,Very high,Inactive,Very high,Low,-294,937,1159,-3,6,3,,,
21.6756849289,Very high,Inactive,Very high,Low,-317,862,1159,-3,5,3,,,
21.6842834949,Very high,Inactive,Very high,Low,,,,,,,0.4230155051,0.9008038044,0.7998213768
21.6951622963,Very high,Inactive,Very high,Low,-355,804,1132,-3,5,3,,,
21.7164180279,Very high,Inactive,Very high,Low,-315,765,1075,-3,7,1,,,
21.7368843555,Very high,Inactive,Very high,Low,-261,755,1083,-3,7,0,,,
21.756467104,Very high,Inactive,Very high,Low,-238,731,1192,-3,4,0,,,
21.7731866837,Very high,Inactive,Very high,Low,,,,,,,0.4379953444,0.9003708959,0.7999175787
21.777577877,Very high,Inactive,Very high,Low,-363,680,1179,-3,2,1,,,
21.7975189686,Very high,Inactive,Very high,Low,-380,757,1073,-3,4,0,,,
21.8181967735,Very high,Inactive,Very high,Low,-335,864,1105,-2,6,-3,,,
21.8394682407,Very high,Inactive,Very high,Low,-297,881,1187,-1,5,-3,,,
21.8478708267,Very high,Inactive,Very high,Low,,,,,,,0.4036011696,0.9138423204,0.7969239354
21.8591139317,Very high,Inactive,Very high,Low,-303,908,1231,-1,4,-3,,,
21.8795030117,Very high,Inactive,Very high,Low,-439,936,1240,-1,3,-2,,,
21.9010388851,Very high,Inactive,Very high,Low,-510,947,1204,0,3,-1,,,
21.9191169739,Very high,Inactive,Very high,Low,,,,,,,0.4071462154,0.9035544991,0.7992101312
21.9203674793,Very high,Inactive,Very high,Low,-518,976,1152,0,4,-2,,,
21.9416322708,Very high,Inactive,Very high,Low,-380,1017,1179,-1,3,-5,,,
21.9614536762,Very high,Inactive,Very high,Low,-320,1004,1225,-2,2,-5,,,
21.9824337959,Very high,Inactive,Very high,Low,-222,1002,1219,-3,0,-5,,,
22.0029177666,Very high,Inactive,Very high,Low,-213,990,1217,-3,0,-4,,,
22.0052115917,Very high,Inactive,Very high,Low,,,,,,,0.4248773754,0.906914413,0.7984634638
22.0229551792,Very high,Inactive,Very high,Low,-170,952,1202,-3,0,-4,,,
22.0440564156,Very high,Inactive,Very high,Low,-39,909,1211,-4,-1,-4,,,
22.0640909672,Very high,Inactive,Very high,Low,-7,844,1175,-3,0,-6,,,
22.0798487663,Very high,Inactive,Very high,Low,,,,,,,0.4290668964,0.9106993079,0.7976223826
22.0841736794,Very high,Inactive,Very high,Low,32,796,1118,-1,0,-9,,,
22.1063158512,Very high,Inactive,Very high,Low,-88,651,808,3,-1,-10,,,
22.1258060932,Very high,Inactive,Very high,Low,-178,634,711,4,3,-9,,,
22.1457505226,Very high,Inactive,Very high,Low,-229,740,816,5,6,-5,,,
22.152620554,Very high,Inactive,Very high,Low,,,,,,,0.4353146851,0.9108894467,0.7975801229
22.1666147709,Very high,Inactive,Very high,Low,-232,1048,1088,3,6,0,,,
22.1876223087,Very high,Inactive,Very high,Low,-160,1116,1037,2,5,-1,,,
22.208057642,Very high,Inactive,Very high,Low,-129,1183,868,2,3,-5,,,
22.2275278568,Very high,Inactive,Very high,Low,-200,1232,834,1,2,-7,,,
22.23605299,Very high,Inactive,Very high,Low,,,,,,,0.4195410013,0.9141781926,0.7968493104
22.2479219437,Very high,Inactive,Very high,Low,-308,1303,824,1,2,-9,,,
22.2696280479,Very high,Inactive,Very high,Low,-478,1444,902,0,3,-11,,,
22.2891190052,Very high,Inactive,Very high,Low,-529,1474,1072,-1,4,-10,,,
22.3099064827,Very high,Inactive,Very high,Low,-580,1451,1275,-2,2,-8,,,
22.3155372143,Very high,Inactive,Very high,Low,,,,,,,0.3914503455,0.8948538303,0.8011435866
22.3299629688,Very high,Inactive,Very high,Low,-626,1229,1275,-3,0,-4,,,
22.3470005989,Very high,Inactive,Very high,Low,-514,1115,1199,-3,2,-5,,,
22.3716065884,Very high,Inactive,Very high,Low,-371,1025,1233,-3,3,-5,,,
22.3878846169,Very high,Inactive,Very high,Low,-238,996,1422,-3,2,-3,,,
22.3898062706,Very high,Inactive,Very high,Low,,,,,,,0.3838686347,0.8965886235,0.8007580638
22.4080474377,Very high,Inactive,Very high,Low,-250,1031,1434,-3,1,-2,,,
22.4282865524,Very high,Inactive,Very high,Low,-253,1018,1339,-3,1,-1,,,
22.4493377209,Very high,Inactive,Very high,Low,-299,857,1136,-3,1,-1,,,
22.4700136185,Very high,Inactive,Very high,Low,-322,793,1020,-3,2,-2,,,
22.4756658077,Very high,Inactive,Very high,Low,,,,,,,0.3789396286,0.9028233886,0.7993725538
22.4895899296,Very high,Inactive,Very high,Low,-161,729,783,-1,3,-2,,,
22.5106341839,Very high,Inactive,Very high,Very low,-66,717,699,-1,4,-1,,,
22.5309109688,Very high,Inactive,Very high,Very low,-20,722,637,-1,5,-2,,,
22.5516993999,Very high,Inactive,Very high,Very low,-22,812,779,-1,4,-3,,,
22.5666277409,Very high,Inactive,Very high,Very low,,,,,,,0.3820787668,0.8970192075,0.8006623983
22.5719716549,Very high,Inactive,Very high,Very low,-32,834,862,-2,3,-3,,,
22.5920937061,Very high,Inactive,Very high,Very low,-27,834,927,-2,1,-4,,,
22.6128065586,Very high,Inactive,Very high,Very low,-93,806,917,-2,1,-3,,,
22.6342561245,Very high,Inactive,Very high,Very low,-119,825,883,-1,2,-3,,,
22.6535229683,Very high,Inactive,Very high,Very low,-112,846,917,-2,2,-3,,,
22.6632773876,Very high,Inactive,Very high,Very low,,,,,,,0.3793026507,0.9032604098,0.7992754579
22.6756064892,Very high,Inactive,Very high,Very low,-80,751,1173,-4,-2,-6,,,
22.6946411133,Very high,Inactive,Very high,Very low,-102,665,1210,-4,-3,-6,,,
22.7157256603,Very high,Inactive,Very high,Very low,-151,723,1222,-2,-1,-5,,,
22.736751318,Very high,Inactive,Very high,Very low,-153,808,1234,-1,-1,-5,,,
22.7496497631,Very high,Inactive,Very high,Very low,,,,,,,0.384678781,0.9003590345,0.7999202013
22.7564468384,Very high,Inactive,Very high,Very low,-119,885,1221,-1,-3,-5,,,
22.7771410942,Very high,Inactive,Very high,Very low,-126,932,988,-2,-5,-5,,,
22.7968456745,Very high,Inactive,Very high,Very low,-172,981,825,-2,-4,-4,,,
22.8178985119,Very high,Inactive,Very high,Very low,-172,1061,712,-2,-2,-3,,,
22.8364787102,Very high,Inactive,Very high,Very low,,,,,,,0.403672725,0.9043516517,0.7990329862
22.8386011124,Very high,Inactive,Very high,Very low,-96,1086,644,-4,-3,-2,,,
22.8583650589,Very high,Inactive,Very high,Very low,-87,1103,560,-4,-3,-2,,,
22.8787624836,Very high,Inactive,Very high,Very low,-87,1185,435,-3,-1,-2,,,
22.8999795914,Very high,Inactive,Very high,Very low,-87,1284,384,-2,2,-1,,,
22.9111874104,Very high,Inactive,Very high,Very low,,,,,,,0.3776291609,0.9138221145,0.7969284058
22.9207229614,Very high,Inactive,Very high,Very low,-135,1188,415,0,6,0,,,
22.9409029484,Very high,Inactive,Very high,Very low,-40,1064,528,0,8,-1,,,
22.9611756802,Very high,Inactive,Very high,Very low,193,791,1044,-1,5,-7,,,
22.9765818119,Very high,Inactive,Very high,Very low,,,,,,,0.3897404373,0.9069820642,0.7984484434
22.9820990562,Very high,Inactive,Very high,Very low,263,674,1295,-1,2,-11,,,
23.0019142628,Very high,Inactive,Very high,Very low,176,540,1593,-2,-3,-9,,,
23.0222213268,Very high,Inactive,Very high,Very low,-1,572,1644,-3,-3,-5,,,
23.0432522297,Very high,Inactive,Very high,Very low,-159,664,1631,-4,-4,-2,,,
23.0462260246,Very high,Inactive,Very high,Very low,,,,,,,0.3836264014,0.9025229216,0.7994393706
23.0634744167,Very high,Inactive,Very high,Very low,-220,747,1582,-4,-5,0,,,
23.0837368965,Very high,Inactive,Very high,Very low,-65,702,1439,-4,-7,0,,,
23.1048238277,Very high,Inactive,Very high,Very low,75,607,1374,-4,-6,-3,,,
23.1178305149,Very high,Inactive,Very high,Very low,,,,,,,0.3717026114,0.9175820351,0.7960928679
23.1244463921,Very high,Inactive,Very high,Very low,181,545,1405,-5,-7,-5,,,
23.1449747086,Very high,Inactive,Very high,Very low,131,534,1409,-5,-8,-3,,,
23.1658747196,Very high,Inactive,Very high,Very low,89,550,1334,-6,-8,-2,,,
23.1864833832,Very high,Inactive,Very high,Very low,267,604,1161,-8,-10,-4,,,
23.2044937611,Very high,Inactive,Very high,Very low,,,,,,,0.3659917414,0.9142249823,0.7968388796
23.2066144943,Very high,Inactive,Very high,Very low,293,595,1203,-8,-12,-4,,,
23.2270801067,Very high,Inactive,Very high,Very low,31,614,1121,-11,-17,0,,,
23.2486498356,Very high,Inactive,Very high,Very low,-134,706,948,-11,-16,2,,,
23.2688746452,Very high,Inactive,Very high,Very low,-270,852,740,-11,-13,4,,,
23.2838549614,Very high,Inactive,Very high,Very low,,,,,,,0.3533059061,0.9246078134,0.7945315838
23.2883808613,Very high,Inactive,Very high,Very low,-454,1007,359,-9,-5,4,,,
23.3090176582,Very high,Inactive,Very high,Very low,-496,999,258,-8,-2,3,,,
23.3297507763,Very high,Inactive,Very high,Very low,-498,1004,268,-7,0,1,,,
23.3458864689,Very high,Inactive,Very high,Very low,,,,,,,0.3550187349,0.9261109233,0.7941975594
23.3505825996,Very high,Inactive,Very high,Very low,-400,1032,500,-6,4,-2,,,
23.3722863197,Very high,Inactive,Very high,Very low,-359,1043,730,-6,5,-2,,,
23.3909196854,Very high,Inactive,Very high,Very low,-271,1034,1011,-7,4,-2,,,
23.4113838673,Very high,Inactive,Very high,Very low,,,,,,,0.3375883698,0.929515481,0.7934409976
23.411796093,Very high,Inactive,Very high,Very low,-250,906,1370,-8,0,-2,,,
23.4277663231,Very high,Inactive,Very high,Very low,-257,936,1392,-7,5,-5,,,
23.4481964111,Very high,Inactive,Very high,Very low,-219,1004,1533,-5,7,-6,,,
23.4693796635,Very high,Inactive,Very high,Very low,-105,1089,1839,-6,1,-4,,,
23.4893331528,Very high,Inactive,Very high,Very low,-66,1054,1896,-6,-2,-3,,,
23.4959385395,Very high,Inactive,Very high,Very low,,,,,,,0.3207142353,0.9316663742,0.792963028
23.5097322464,Very high,Inactive,Very high,Very low,-45,982,1895,-7,-7,-1,,,
23.5312314034,Very high,Inactive,Very high,Very low,-44,899,1788,-7,-8,-1,,,
23.5507996082,Very high,Inactive,Very high,Very low,-36,745,1587,-6,-7,0,,,
23.5714836121,Very high,Inactive,Very high,Very low,81,610,1348,-6,-3,-2,,,
23.5861759186,Very high,Inactive,Very high,Very low,,,,,,,0.3205007911,0.9455599189,0.789875567
23.5914862156,Very high,Inactive,Very high,Very low,113,586,1386,-6,-3,-2,,,
23.61200881,Very high,Inactive,Very high,Very low,88,571,1413,-6,-4,-2,,,
23.6336202621,Very high,Inactive,Very high,Very low,7,671,1382,-6,-5,1,,,
23.6530566216,Very high,Inactive,Very high,Very low,28,716,1356,-6,-5,2,,,
23.6688730717,Very high,Inactive,Very high,Very low,,,,,,,0.3208458424,0.9519040585,0.7884657383
23.6734855175,Very high,Inactive,Very high,Very low,19,680,1298,-7,-6,3,,,
23.6942620277,Very high,Inactive,Very high,Very low,90,560,1082,-7,-4,3,,,
23.7144424915,Very high,Inactive,Very high,Very low,105,549,1029,-8,-4,2,,,
23.7358119488,Very high,Inactive,Very high,Very low,2,572,953,-7,-1,2,,,
23.7480785847,Very high,Inactive,Very high,Very low,,,,,,,0.2626264393,0.9581438303,0.7870791554
23.755330801,Very high,Inactive,Very high,Very low,-57,602,935,-6,0,3,,,
23.7761640549,Very high,Inactive,Very high,Very low,-78,678,956,-6,1,4,,,
23.796359539,Very high,Inactive,Very high,Very low,-128,784,1129,-5,1,4,,,
23.8175809383,Very high,Inactive,Very high,Very low,-136,770,1173,-4,1,3,,,
23.8342549801,Very high,Inactive,Very high,Very low,,,,,,,0.2744444311,0.9595778584,0.7867604494
23.8378970623,Very high,Inactive,Very high,Very low,-114,719,1181,-2,2,2,,,
23.8577833176,Very high,Inactive,Very high,Very low,-95,651,1234,0,3,1,,,
23.8787219524,Very high,Inactive,Very high,Very low,-61,573,1334,1,3,0,,,
23.8989541531,Very high,Inactive,Very high,Very low,-35,548,1490,2,3,0,,,
23.9139397144,Very high,Inactive,Very high,Very low,,,,,,,0.3018297553,0.9766491055,0.7829668522
23.9192707539,Very high,Inactive,Very high,Very low,-16,411,1717,5,3,-1,,,
23.939677,Very high,Inactive,Very high,Very low,-90,280,2005,7,2,-1,,,
23.960524559,Very high,Inactive,Very high,Very low,-54,227,1914,8,2,0,,,
23.9787232876,Very high,Inactive,Very high,Very low,,,,,,,0.2880068123,0.9793096781,0.7823756337
23.9808702469,Very high,Inactive,Very high,Very low,375,181,1825,9,3,-4,,,
24.0015664101,Very high,Inactive,Very high,Low,550,-14,1915,10,0,-5,,,
24.0215477943,Very high,Inactive,Very high,Low,878,-632,1907,8,-3,-18,,,
24.0428271294,Very high,Inactive,Very high,Low,1208,-950,1814,7,-2,-25,,,
24.0467581749,Very high,Inactive,Very high,Low,,,,,,,0.267716974,0.9925721288,0.7794284225
24.0625839233,Very high,Inactive,Very high,Low,1620,-1278,1821,7,-1,-31,,,
24.0834622383,Very high,Inactive,Very high,Low,2319,-1965,1747,3,-5,-46,,,
24.103713274,Very high,Inactive,Very high,Low,2548,-2283,1608,1,-7,-52,,,
24.1088943481,Very high,Inactive,Very high,Low,,,,,,,0.2711900473,1.0084524155,0.7758994699
24.128344059,Very high,Inactive,Very high,Low,2709,-2871,1316,0,-7,-61,,,
24.1452450752,Very high,Inactive,Very high,Low,2730,-3050,1206,2,-6,-64,,,
24.1650071144,Very high,Inactive,Very high,Low,2670,-3101,1227,4,-6,-63,,,
24.1827266216,Very high,Inactive,Very high,Low,,,,,,,0.3292328119,1.0239636898,0.7724525332
24.1856019497,Very high,Inactive,Very high,Low,2320,-2932,1551,7,-9,-57,,,
24.206343174,Very high,Inactive,Very high,Low,1989,-2778,1706,8,-8,-56,,,
24.2264137268,Very high,Inactive,Very high,Low,1680,-2585,1775,11,-4,-53,,,
24.2472085953,Very high,Inactive,Very high,Low,1320,-1915,1942,16,1,-45,,,
24.2641887665,Very high,Inactive,Very high,Low,,,,,,,0.3899408281,1.0610415936,0.764212966
24.2679326534,Very high,Inactive,Very high,Low,1163,-1565,2183,20,1,-39,,,
24.2877988815,Very high,Inactive,Very high,Low,1008,-1349,2523,23,0,-34,,,
24.3089590073,Very high,Inactive,Very high,Low,1115,-872,3006,24,-1,-22,,,
24.3292984962,Very high,Inactive,Very high,Low,1251,-779,3263,23,-7,-9,,,
24.3391754627,Very high,Inactive,Very high,Low,,,,,,,0.4351588488,1.1253131628,0.7499303818
24.3498306274,Very high,Inactive,Very high,Low,754,-731,3322,14,-17,33,,,
24.3720121384,Very high,Inactive,Very high,Low,399,-551,3056,7,-18,41,,,
24.3911840916,Very high,Inactive,Very high,Low,-118,-318,2758,0,-21,44,,,
24.4110174179,Very high,Inactive,Very high,Low,-1960,410,2027,-8,-18,43,,,
24.4175198078,Very high,Inactive,Very high,Low,,,,,,,0.445189774,1.1388124228,0.7469305992
24.4312403202,Very high,Inactive,Very high,Low,-2247,1196,1950,-11,-14,18,,,
24.4516925812,Very high,Inactive,Very high,Low,-2078,1694,2338,-9,-25,-11,,,
24.4731793404,Very high,Inactive,Very high,Low,-2124,1499,2336,-11,-35,-29,,,
24.4925165176,Very high,Inactive,Very high,Low,-1646,102,1796,-19,-38,-67,,,
24.4974009991,Very high,Inactive,Very high,Low,,,,,,,0.4931372404,1.1274299622,0.7494599819
24.5133621693,Very high,Inactive,Very high,Low,-878,-360,1722,-23,-41,-93,,,
24.5339682102,Very high,Inactive,Very high,Low,-9,-880,1574,-27,-49,-112,,,
24.5544931889,Very high,Inactive,Very high,Low,858,-1503,1121,-34,-57,-129,,,
24.573107481,Very high,Inactive,Very high,Low,,,,,,,0.5062388182,1.0870187283,0.7584402561
24.5747256279,Very high,Inactive,Very high,Low,1504,-2183,437,-42,-66,-145,,,
24.5950045586,Very high,Inactive,Very high,Low,513,-2963,-1910,-58,-80,-137,,,
24.6160628796,Very high,Inactive,Very high,Low,-768,-2513,-3410,-62,-76,-123,,,
24.6378753185,Very high,Inactive,Very high,Low,-1924,170,-5790,-66,-59,-72,,,
24.6477489471,Very high,Inactive,Very high,Low,,,,,,,0.6077844501,1.0596866608,0.7645140886
24.6564588547,Very high,Inactive,Very high,Low,-1408,2063,-6640,-68,-41,-48,,,
24.6769721508,Very high,Inactive,Very high,Low,390,3702,-6772,-68,-30,-51,,,
24.6978728771,Very high,Inactive,Very high,Low,4994,5705,-3833,-33,-53,-87,,,
24.7170078754,Very high,Inactive,Very high,Low,,,,,,,0.6095984578,0.9915063977,0.7796652317
24.7186760902,Very high,Inactive,Very high,Low,6327,5103,-1132,-15,-49,-65,,,
24.738966465,Very high,Inactive,Very high,Low,5621,4507,2007,11,-35,-34,,,
24.7587788105,Very high,Inactive,Very high,Low,2880,1867,6793,31,14,19,,,
24.7796616554,Very high,Inactive,Very high,Low,2570,357,7618,25,7,12,,,
24.8009960651,Very high,Inactive,Very high,Low,2982,-1692,8778,30,2,-22,,,
24.8148334026,Very high,Inactive,Very high,Low,,,,,,,0.5750340819,0.9069515467,0.7984552383
24.820305109,Very high,Inactive,Very high,Low,3583,-6238,10713,1,-44,-44,,,
24.8407828808,Very high,Inactive,Very high,Low,3202,-6806,9549,-22,-67,-39,,,
24.8612995148,Very high,Inactive,Very high,Low,1074,-5697,4374,-53,-88,-56,,,
24.8823049068,Very high,Inactive,Very high,Low,-211,-4604,1328,-69,-75,-52,,,
24.9025454521,Very high,Inactive,Very high,Low,-1100,-3314,-1534,-79,-49,-41,,,
24.9100120068,Very high,Inactive,Very high,Low,,,,,,,0.4591231942,0.8074144721,0.8205745816
24.9226739407,Very high,Inactive,Very high,Low,-1315,-837,-4580,-68,-12,-25,,,
24.943810463,Very high,Inactive,Very high,Low,-1295,806,-5395,-63,9,-5,,,
24.9642050266,Very high,Inactive,Very high,Low,-846,2378,-5493,-59,46,-7,,,
24.9845092297,Very high,Inactive,Very high,Low,2088,5456,2402,-15,46,-63,,,
24.9882590771,Very high,Inactive,Very high,Low,,,,,,,0.2943114936,0.7207724452,0.839828372
25.005436182,Very high,Inactive,Very high,Low,2014,5275,4947,-18,41,-18,,,
25.0249927044,Very high,Inactive,Very high,Low,2856,3405,5838,-13,25,2,,,
25.0458128452,Very high,Inactive,Very high,Low,3329,-325,5323,-24,17,6,,,
25.06650877,Very high,Inactive,Very high,Low,3075,-1378,5205,-32,2,8,,,
25.0725557804,Very high,Inactive,Very high,Low,,,,,,,0.3963502347,0.6803933978,0.8488014936
25.0866174698,Very high,Inactive,Very high,Low,2671,-1596,4230,-37,-15,-1,,,
25.107540369,Very high,Inactive,Very high,Low,1617,-1807,335,-34,-2,-32,,,
25.1282997131,Very high,Inactive,Very high,Low,343,-2241,-1288,-37,-4,-41,,,
25.1483948231,Very high,Inactive,Very high,Low,-1079,-2975,-3268,-44,-8,-61,,,
25.1574213505,Very high,Inactive,Very high,Low,,,,,,,0.3456347883,0.6824184656,0.8483514786
25.1689946651,Very high,Inactive,Very high,Low,-281,-3346,-3341,-40,-23,-57,,,
25.1889615059,Very high,Inactive,Very high,Low,366,-3564,-3623,-31,-38,-67,,,
25.2101428509,Very high,Inactive,Very high,Low,-2201,-2253,-6470,-27,-41,-128,,,
25.2300598621,Very high,Inactive,Very high,Low,-4076,-593,-7075,-14,10,-141,,,
25.2390761375,Very high,Inactive,Very high,Low,,,,,,,0.359364897,0.6336510181,0.8591886759
25.246765852,Very high,Inactive,Very high,Low,-3788,-359,-3138,14,61,-110,,,
25.2677199841,Very high,Inactive,Very high,Low,-3038,-931,3031,1,43,-90,,,
25.2873945236,Very high,Inactive,Very high,Low,-4245,-2655,3553,-18,31,-77,,,
25.3080215454,Very high,Inactive,Very high,Low,-4705,-3867,3816,-18,37,-67,,,
25.3204696178,Very high,Inactive,Very high,Low,,,,,,,0.5937790275,0.584492445,0.8701127768
25.3281924725,Very high,Inactive,Very high,Low,-3796,-5025,4701,4,51,-57,,,
25.3487074375,Very high,Inactive,Very high,Low,-3729,-4343,5654,0,37,-18,,,
25.3704042435,Very high,Inactive,Very high,Low,-3764,-3508,6488,0,19,4,,,
25.3901584148,Very high,Inactive,Very high,Low,-2571,-2763,6016,-5,-15,11,,,
25.3921165466,Very high,Inactive,Very high,Low,,,,,,,0.5937790275,0.0759473965,0.9831228256
25.4105422497,Very high,Inactive,Very high,Low,-1526,-2763,4566,-9,-27,6,,,
25.4304618835,Very high,Inactive,Very high,Low,-484,-2270,2539,-8,-24,13,,,
25.4514732361,Very high,Inactive,Very high,Low,-649,-639,430,-7,-10,33,,,
25.4729688168,Very high,Inactive,Very high,Low,-1169,1346,-1661,-16,4,28,,,
25.4817602634,Very high,Inactive,Very high,Low,,,,,,,0.5867776871,0.5425161719,0.8794408441
25.4924874306,Very high,Inactive,Very high,Low,1087,1155,-2219,-20,15,-72,,,
25.5126545429,High,Running,Very high,Very high,1678,7,-1620,-29,6,-85,,,
25.5335035324,High,Running,Very high,Very high,1568,-632,-1546,-34,14,-73,,,
25.554017067,High,Running,Very high,Very high,1119,-719,-1731,-30,18,-50,,,
25.565574646,High,Running,Very high,Very high,,,,,,,0.5709317327,0.5214813352,0.8841152787
25.5744597912,High,Running,Very high,Very high,746,-218,-1893,-23,17,-49,,,
25.5952334404,High,Running,Very high,Very high,291,-144,-1798,-16,14,-60,,,
25.6153213978,High,Running,Very high,Very high,-829,-2637,557,-11,-13,-72,,,
25.6197826862,High,Running,Very high,Very high,,,,,,,0,0,0
25.6403813362,High,Running,Very high,Very high,-1714,-4308,2092,-3,-19,-26,,,
25.6564598083,High,Running,Very high,Very high,-3061,-4173,1742,10,-22,-19,,,
25.6773564816,High,Running,Very high,Very high,-4980,-3590,457,19,-15,-53,,,
25.6828124523,High,Running,Very high,Very high,,,,,,,0,0,0
25.6969203949,High,Running,Very high,Very high,-5288,-4081,765,20,-17,-56,,,
25.7183113098,High,Running,Very high,Very high,-5527,-3832,1901,19,-12,-69,,,
25.7366831303,High,Running,Very high,Very high,,,,,,,0,0,0
25.73980546,High,Running,Very high,Very high,-5858,-3417,2870,18,-11,-68,,,
25.7582230568,High,Running,Very high,Very high,-6154,-3467,3896,19,-18,-63,,,
25.7789070606,High,Running,Very high,Very high,-6239,-2871,3800,14,-36,-31,,,
25.7855429649,High,Running,Very high,Very high,,,,,,,0,0,0
25.7998845577,High,Running,Very high,Very high,-5542,-1585,2890,14,-31,-16,,,
25.819984436,High,Running,Very high,Very high,-4373,159,2537,16,-21,2,,,
25.8411920071,High,Running,Very high,Very high,-72,525,4442,32,-22,-26,,,
25.8506464958,High,Running,Very high,Very high,,,,,,,0,0,0
25.8608486652,High,Running,Very high,Very high,2079,-160,4486,24,-54,-33,,,
25.8814902306,High,Running,Very high,Very high,3524,194,3484,20,-65,-20,,,
25.9028143883,High,Running,Very high,Very high,4859,1230,844,30,-39,-14,,,
25.9175341129,High,Running,Very high,Very high,,,,,,,0,0,0
25.9230649471,High,Running,Very high,Very high,5193,1240,-46,39,-29,-16,,,
25.942950964,High,Running,Very high,Very high,5017,508,-880,43,-17,-23,,,
25.9630100727,High,Running,Very high,Very high,4554,14,-789,41,-12,-26,,,
25.9815735817,High,Running,Very high,Very high,,,,,,,0,0,0
25.9838032722,High,Running,Very high,Very high,3876,-257,-316,37,-7,-23,,,
26.0053222179,High,Running,Very high,Very high,2183,-367,988,22,0,1,,,
26.0246508121,High,Running,Very high,Very high,1509,-563,1657,7,0,12,,,
26.0453503132,High,Running,Very high,Very high,1144,-711,2194,-12,0,23,,,
26.0494472981,High,Running,Very high,Very high,,,,,,,0,0,0
26.0660674572,High,Running,Very high,Very high,1440,-489,2589,-31,-5,38,,,
26.0863027573,High,Running,Very high,Very high,1766,-246,2376,-33,-2,39,,,
26.1077282429,High,Running,Very high,Very high,2098,-231,2319,-37,0,36,,,
26.1118075848,High,Running,Very high,Very high,,,,,,,0.5214752555,3.8460361958,0.1453253031
26.1270122528,High,Running,Very high,Very high,2094,-157,2342,-46,-12,32,,,
26.1488275528,High,Running,Very high,Very high,1988,-379,2076,-52,-16,23,,,
26.1637527943,High,Running,Very high,Very high,,,,,,,0,0,0
26.1686570644,High,Running,Very high,Very high,1563,-1356,1239,-57,-30,16,,,
26.1888375282,High,Running,Very high,Very high,1154,-1657,501,-63,-39,12,,,
26.2093677521,High,Running,Very high,Very high,769,-1689,-372,-69,-46,6,,,
26.2257797718,High,Running,Very high,Very high,,,,,,,0,0,0
26.2291996479,High,Running,Very high,Very high,152,-1332,-2471,-80,-53,-7,,,
26.2497639656,High,Running,Very high,Very high,-12,-1107,-3762,-81,-41,-15,,,
26.2714488506,High,Running,Very high,Very high,-274,-932,-4783,-74,-30,-26,,,
26.2914032936,High,Running,Very high,Very high,-987,-1009,-5395,-46,20,-50,,,
26.296954155,High,Running,Very high,Very high,,,,,,,0,0,0
26.3111743927,High,Running,Very high,Very high,-1595,-1751,-4201,-36,35,-52,,,
26.3281507492,High,Running,Very high,Very high,-2354,-2446,-2443,-28,32,-49,,,
26.3494849205,High,Running,Very high,Very high,-3883,-2529,1025,-14,22,-28,,,
26.3665447235,High,Running,Very high,Very high,,,,,,,0.3798438311,4.2012143135,0.0663968325
26.368925333,High,Running,Very high,Very high,-4447,-2733,2449,-14,5,-19,,,
26.3890354633,High,Running,Very high,Very high,-4892,-2736,2948,-12,-4,-21,,,
26.4098112583,High,Running,Very high,Very high,-5269,-2683,3036,3,-1,-36,,,
26.420340538,High,Running,Very high,Very high,,,,,,,4.2012143135,4.1999998093,0.0666666701
26.4299221039,High,Running,Very high,Very high,-5041,-2773,3137,12,-2,-35,,,
26.452183485,High,Running,Very high,Very high,-4481,-2911,3729,23,-6,-22,,,
26.4717645645,High,Running,Very high,Very high,-4280,-2866,4082,27,-9,-19,,,
26.4906065464,High,Running,Very high,Very high,,,,,,,4.2012143135,4.1999998093,0.0666666701
26.4916601181,High,Running,Very high,Very high,-4286,-2675,4167,29,-12,-15,,,
26.5120856762,High,Running,Very high,Very high,-3990,-1894,3813,34,-8,-5,,,
26.5334327221,High,Running,Very high,Very high,-3557,-1897,4219,35,-5,1,,,
26.5515160561,High,Running,Very high,Very high,,,,,,,4.2012143135,4.1999998093,0.0666666701
26.5534682274,High,Running,Very high,Very high,-2945,-2149,4888,30,-4,10,,,
26.575915575,High,Running,Very high,Very high,-1636,-1919,5137,18,-6,29,,,
26.5940492153,High,Running,Very high,Very high,-939,-1411,4585,12,-5,43,,,
26.5949347019,High,Running,Very high,Very high,,,,,,,4.2012143135,4.1999998093,0.0666666701
26.6146781445,High,Running,Very high,Very high,-100,-1078,3824,8,2,51,,,
26.6392810345,High,Running,Very high,Very high,1619,-932,2823,8,16,48,,,
26.6526441574,High,Running,Very high,Very high,,,,,,,4.2012143135,4.1999998093,0.0666666701
26.659365654,High,Running,Very high,Very high,2418,-672,2472,10,19,53,,,
26.6803603172,High,Running,Very high,Very high,3939,-115,1491,14,27,65,,,
26.700961113,High,Running,Very high,Very high,4386,10,1305,18,28,61,,,
26.7151267529,High,Running,Very high,Very high,,,,,,,4.2012143135,4.1999998093,0.0666666701
26.7208137512,High,Running,Very high,Very high,4482,211,1333,20,24,57,,,
26.7413156033,High,Running,Very high,Very high,4112,217,1538,17,17,46,,,
26.7621617317,High,Running,Very high,Very high,3741,94,1227,15,13,44,,,
26.7675762177,High,Running,Very high,Very high,,,,,,,4.2012143135,4.1999998093,0.0666666701
26.7830035686,High,Running,Very high,Very high,2797,-208,-69,12,16,36,,,
26.8037991524,High,Running,Very high,Very high,2223,-550,-728,9,16,30,,,
26.8161904812,High,Running,Very high,Very high,,,,,,,4.2012143135,4.1999998093,0.0666666701
26.8230807781,High,Running,Very high,Very high,1687,-924,-1438,4,15,22,,,
26.8444545269,High,Running,Very high,Very high,843,-1320,-3171,-4,19,13,,,
26.8645050526,High,Running,Very high,Very high,444,-1107,-4158,-6,23,16,,,
26.8683893681,High,Running,Very high,Very high,,,,,,,4.2012143135,4.1999998093,0.0666666701
26.885484457,High,Running,Very high,Very high,112,-875,-4979,-7,27,13,,,
26.9056594372,High,Running,Very high,Very high,623,-1592,-5141,-2,28,-14,,,
26.9191896915,High,Running,Very high,Very high,,,,,,,4.2012143135,4.1999998093,0.0666666701
26.9255650043,High,Running,Very high,Very high,1387,-2273,-4341,5,21,-13,,,
26.9467904568,High,Running,Very high,Very high,1919,-2501,-3469,13,17,7,,,
26.9676830769,High,Running,Very high,Very high,2139,-1677,-2835,21,25,51,,,
26.9849934578,High,Running,Very high,Very high,,,,,,,4.2012143135,4.1999998093,0.0666666701
26.9881029129,High,Running,Very high,Very high,1841,-1489,-2986,20,31,54,,,
27.0085439682,High,Blocking,Very high,Very high,1558,-1464,-2980,18,34,46,,,
27.0281908512,High,Blocking,Very high,Very high,874,-1026,-1197,20,37,43,,,
27.0456674099,High,Blocking,Very high,Very high,-249,456,189,23,75,49,,,
27.0485253334,High,Blocking,Very high,Very high,,,,,,,4.2012143135,4.1999998093,0.0666666701
27.0650684834,High,Blocking,Very high,Very high,1527,1753,5732,12,69,23,,,
27.0857162476,High,Blocking,Very high,Very high,3451,1983,7960,12,37,-3,,,
27.0956821442,High,Blocking,Very high,Very high,,,,,,,4.2012143135,4.1999998093,0.0666666701
27.1063504219,High,Blocking,Very high,Very high,5324,802,9965,7,15,-10,,,
27.126860857,High,Blocking,Very high,Very high,5356,1638,8830,-8,0,55,,,
27.1469094753,High,Blocking,Very high,Very high,4882,1997,7135,-8,16,56,,,
27.1556587219,High,Blocking,Very high,Very high,,,,,,,4.2012143135,4.1999998093,0.0666666701
27.1683750153,High,Blocking,Very high,Very high,4370,1840,5918,-10,24,52,,,
27.188277483,High,Blocking,Very high,Very high,3471,626,4730,-15,13,24,,,
27.1974921227,High,Blocking,Very high,Very high,,,,,,,4.2012143135,4.1999998093,0.0666666701
27.2086975574,High,Blocking,Very high,Very high,3188,449,4209,-19,2,20,,,
27.2286798954,High,Blocking,Very high,Very high,3116,537,3405,-22,-2,16,,,
27.250190258,High,Blocking,Very high,Very high,3305,850,2145,-24,1,7,,,
27.2673377991,High,Blocking,Very high,Very high,,,,,,,0.6655038595,0.5187689066,0.8847180009
27.2714109421,High,Blocking,Very high,Very high,3041,893,1797,-26,-1,-1,,,
27.290173769,High,Blocking,Very high,Very high,2155,612,1730,-26,-4,-24,,,
27.3111991882,High,Blocking,Very high,Very high,1699,468,1947,-25,-5,-26,,,
27.3319382668,High,Blocking,Very high,Very high,1247,262,2182,-25,-5,-20,,,
27.3377432823,High,Blocking,Very high,Very high,,,,,,,0.6808589101,0.3497652113,0.9222744107
27.3517477512,High,Blocking,Very high,Very high,317,-697,2426,-26,-3,-3,,,
27.3724384308,High,Blocking,Very high,Very high,90,-1396,2279,-28,-5,-2,,,
27.3910636902,High,Blocking,Very high,Very high,,,,,,,0.6808589101,0.1514514983,0.9663441181
27.3924922943,High,Blocking,Very high,Very high,-72,-1863,2084,-29,-8,-4,,,
27.4138503075,High,Blocking,Very high,Very high,-410,-1829,1594,-31,-17,-8,,,
27.4343757629,High,Blocking,Very high,Very high,-382,-1589,1216,-31,-18,-13,,,
27.452684164,High,Blocking,Very high,Very high,,,,,,,0.6808589101,0.015151496,0.9966329932
27.4542891979,High,Blocking,Very high,Very high,-135,-1458,885,-28,-17,-16,,,
27.4746360779,High,Blocking,Very high,Very high,511,-1411,838,-23,-11,-13,,,
27.4953334332,High,Blocking,Very high,Very high,635,-1356,979,-22,-10,-11,,,
27.5165259838,High,Blocking,Very high,Very high,640,-1296,1075,-22,-12,-12,,,
27.5289859772,High,Blocking,Very high,Very high,,,,,,,0.7730344534,0.5238756537,0.8835831881
27.5361094475,High,Blocking,Very high,Very high,665,-1378,1040,-18,-12,-14,,,
27.5562026501,High,Blocking,Very high,Very high,705,-1418,1007,-15,-11,-13,,,
27.5770065784,High,Blocking,Very high,Very high,658,-1342,876,-9,-12,-9,,,
27.5973782539,High,Blocking,Very high,Very high,580,-1311,754,-6,-13,-6,,,
27.6069066525,High,Blocking,Very high,Very high,,,,,,,0.6617885232,0.2595584989,0.9423203468
27.6179378033,High,Blocking,Very high,Very high,458,-1305,583,-3,-13,-4,,,
27.6388013363,High,Blocking,Very high,Very high,248,-1242,151,2,-14,1,,,
27.6593630314,High,Blocking,Very high,Very high,222,-1164,-21,5,-13,3,,,
27.6758208275,High,Blocking,Very high,Very high,,,,,,,0.4372639358,0.5605742335,0.8754279613
27.6794409752,High,Blocking,Very high,Very high,248,-1037,-164,8,-11,6,,,
27.7002775669,High,Blocking,Very high,Very high,510,-751,-290,10,-4,8,,,
27.7202703953,High,Blocking,Very high,Very high,696,-663,-152,11,-1,5,,,
27.7407274246,High,Blocking,Very high,Very high,866,-615,139,11,0,2,,,
27.741366148,High,Blocking,Very high,Very high,,,,,,,0.5868224502,0.475910902,0.8942420483
27.7611076832,High,Blocking,Very high,Very high,943,-688,995,11,-5,-4,,,
27.782504797,High,Blocking,Very high,Very high,858,-874,1349,9,-8,-7,,,
27.802836895,High,Blocking,Very high,Very high,716,-1137,1644,7,-8,-8,,,
27.8184137344,High,Blocking,Very high,Very high,,,,,,,0.5633084774,0.5396460295,0.8800786734
27.8225984573,High,Blocking,Very high,Very high,691,-1341,1687,5,-10,-7,,,
27.8431777954,High,Blocking,Very high,Very high,622,-1523,1591,5,-11,-7,,,
27.8634486198,High,Blocking,Very high,Very high,150,-1586,1187,6,-11,-14,,,
27.8844735622,High,Blocking,Very high,Very high,-136,-1606,984,7,-12,-15,,,
27.9050633907,High,Blocking,Very high,Very high,-402,-1705,780,7,-8,-16,,,
27.9061477184,High,Blocking,Very high,Very high,,,,,,,0.5104805231,0.4840846062,0.8924256563
27.9258430004,High,Blocking,Very high,Very high,-667,-1959,711,15,3,-16,,,
27.9456720352,High,Blocking,Very high,Very high,-708,-1971,918,19,3,-15,,,
27.9613716602,High,Blocking,Very high,Very high,,,,,,,0.5104805231,0,1
27.9661431313,High,Blocking,Very high,Very high,-710,-1896,1132,21,2,-11,,,
27.9863364697,High,Blocking,Very high,Very high,-400,-1817,1674,24,3,1,,,
28.0077126026,High,Blocking,Very high,Very high,-204,-1882,1979,23,-1,4,,,
28.0277833939,High,Blocking,Very high,Very high,-126,-1982,2217,23,-6,6,,,
28.0422434807,High,Blocking,Very high,Very high,,,,,,,0.5574309826,0.5480929613,0.8782015443
28.0477347374,High,Blocking,Very high,Very high,-653,-1966,2343,23,-11,17,,,
28.0696127415,High,Blocking,Very high,Very high,-789,-1774,2147,17,-13,20,,,
28.0902001858,High,Blocking,Very high,Very high,250,-357,3002,2,-18,-4,,,
28.1102466583,High,Blocking,Very high,Very high,1102,79,3613,-4,-24,-21,,,
28.1264500618,High,Blocking,Very high,Very high,,,,,,,0.618507266,0.5845984221,0.8700892329
28.1296069622,High,Blocking,Very high,Very high,1931,261,3776,-7,-26,-30,,,
28.1468348503,High,Blocking,Very high,Very high,3203,946,3844,-8,-20,-27,,,
28.1669971943,High,Blocking,Very high,Very high,3819,1689,3473,-7,-15,-19,,,
28.1872990131,High,Blocking,Very high,Very high,4318,2488,2840,-2,-5,-12,,,
28.2022662163,High,Blocking,Very high,Very high,,,,,,,0.689447999,0.5730852485,0.8726477027
28.2077922821,High,Blocking,Very high,Very high,5013,2984,2394,5,15,-3,,,
28.2280750275,High,Blocking,Very high,Very high,5098,2666,2471,5,17,-3,,,
28.2491145134,High,Blocking,Very high,Very high,5066,2346,2519,4,14,1,,,
28.2702317238,High,Blocking,Very high,Very high,4805,2123,2196,3,14,11,,,
28.2713034153,High,Blocking,Very high,Very high,,,,,,,0.5824018121,0.5180245638,0.8848834038
28.2897946835,High,Blocking,Very high,Very high,4576,2085,1933,2,15,16,,,
28.3105797768,High,Blocking,Very high,Very high,4172,2012,1264,-3,16,29,,,
28.3305270672,High,Blocking,Very high,Very high,4082,1767,906,-4,21,33,,,
28.3331561089,High,Blocking,Very high,Very high,,,,,,,0.6984651685,0.5439445972,0.8791234493
28.351331234,High,Blocking,Very high,Very high,4029,1556,772,-4,27,38,,,
28.3748478889,High,Blocking,Very high,Very high,3911,1255,940,-6,30,46,,,
28.3919606209,High,Blocking,Very high,Very high,3889,1187,1048,-7,27,45,,,
28.4102261066,High,Blocking,Very high,Very high,,,,,,,0.6569361091,0.5460153222,0.8786632419
28.4126610756,High,Blocking,Very high,Very high,3764,1156,950,-6,25,43,,,
28.437838316,High,Blocking,Very high,Very high,2951,968,584,-8,27,29,,,
28.4537103176,High,Blocking,Very high,Very high,2365,669,640,-11,22,13,,,
28.4728710651,High,Blocking,Very high,Very high,,,,,,,0.6420770884,0.5155460238,0.8854342103
28.4744641781,High,Blocking,Very high,Very high,1790,359,887,-16,14,-5,,,
28.4941933155,High,Blocking,Very high,Very high,-139,-125,1606,-22,-9,-29,,,
28.5159158707,Very high,Blocking,Very high,Very high,-1172,-25,1572,-21,-7,-29,,,
28.5431706905,Very high,Blocking,Very high,Very high,-1936,-26,1322,-20,4,-24,,,
28.5453777313,Very high,Blocking,Very high,Very high,,,,,,,0.6412832141,0.5302874446,0.882158339
28.5557410717,Very high,Blocking,Very high,Very high,-2205,-939,1699,-20,8,-18,,,
28.5764732361,Very high,Blocking,Very high,Very high,-2169,-1263,1928,-20,6,-14,,,
28.59699893,Very high,Blocking,Very high,Very high,-2718,-1613,1735,-16,7,-16,,,
28.6060535908,Very high,Blocking,Very high,Very high,,,,,,,0.5191138983,0.528457582,0.8825649619
28.6177940369,Very high,Blocking,Very high,Very high,-3023,-1636,1586,-16,10,-20,,,
28.6384556293,Very high,Blocking,Very high,Very high,-3139,-1575,1486,-16,14,-22,,,
28.6584992409,Very high,Blocking,Very high,Very high,-2777,-1249,1334,-14,20,-13,,,
28.6694869995,Very high,Blocking,Very high,Very high,,,,,,,0.7367728949,0.5812978148,0.8708227277
28.6795122623,Very high,Blocking,Very high,Very high,-2374,-995,1414,-10,19,-8,,,
28.7000033855,Very high,Blocking,Very high,Very high,-1863,-727,1553,-6,17,-7,,,
28.7198507786,Very high,Blocking,Very high,Very high,-1171,-628,1720,6,7,-8,,,
28.73315835,Very high,Blocking,Very high,Very high,,,,,,,0.4903225899,0.572114408,0.8728634715
28.7401471138,Very high,Blocking,Very high,Very high,-997,-694,1740,12,3,-5,,,
28.7605257034,Very high,Blocking,Very high,Very high,-955,-747,1726,17,-1,-3,,,
28.7811663151,Very high,Blocking,Very high,Very high,-1214,-966,1752,24,-4,-3,,,
28.803145647,Very high,Blocking,Very high,Very high,-1524,-1128,1906,26,-3,-6,,,
28.8061881065,Very high,Blocking,Very high,Very high,,,,,,,0.5347879529,0.5083639622,0.8870302439
28.8221890926,Very high,Blocking,Very high,Very high,-1783,-1368,2149,25,-3,-9,,,
28.8436524868,Very high,Blocking,Very high,Very high,-1894,-1516,2465,24,-4,-11,,,
28.8634421825,Very high,Blocking,Very high,Very high,-1964,-1426,2675,21,-6,-4,,,
28.8760318756,Very high,Blocking,Very high,Very high,,,,,,,0.5692007542,0.5288422704,0.8824794888
28.8836147785,Very high,Blocking,Very high,Very high,-1293,-445,2322,9,-1,14,,,
28.9040625095,Very high,Blocking,Very high,Very high,-519,-36,2413,7,6,20,,,
28.9251892567,Very high,Blocking,Very high,Very high,364,49,2814,5,11,23,,,
28.9301986694,Very high,Blocking,Very high,Very high,,,,,,,0.4981558919,0.5035234094,0.8881059289
28.9456765652,Very high,Blocking,Very high,Very high,1223,-47,3390,3,9,20,,,
28.9664680958,Very high,Blocking,Very high,Very high,2438,228,3657,-1,0,25,,,
28.9863758087,Very high,Blocking,Very high,Very high,2902,674,3150,-3,3,36,,,
28.9872295856,Very high,Blocking,Very high,Very high,,,,,,,0.4063127637,0.5292233825,0.8823947906
29.0068335533,Very high,Blocking,Very high,Very high,3889,1312,2153,0,14,43,,,
29.0273840427,Very high,Blocking,Very high,Very high,4238,1380,1890,2,14,41,,,
29.0482180119,Very high,Blocking,Very high,Very high,4404,1416,1728,3,11,41,,,
29.0591967106,Very high,Blocking,Very high,Very high,,,,,,,0.8432272077,0.532664299,0.8816301823
29.0684223175,Very high,Blocking,Very high,Very high,4458,1602,1203,2,3,40,,,
29.0887441635,Very high,Blocking,Very high,Very high,4245,1665,818,2,3,36,,,
29.1094942093,Very high,Blocking,Very high,Very high,3495,1144,-108,1,7,20,,,
29.1291568279,Very high,Blocking,Very high,Very high,3153,632,-425,-1,7,12,,,
29.1315326691,Very high,Blocking,Very high,Very high,,,,,,,0.8187823296,0.5107398629,0.8865022659
29.150219202,Very high,Blocking,Very high,Very high,2606,125,-826,-5,3,1,,,
29.1722290516,Very high,Blocking,Very high,Very high,1109,-628,-2199,-10,10,-28,,,
29.1908574104,Very high,Blocking,Very high,Very high,574,-1097,-2738,-13,12,-35,,,
29.2038092613,Very high,Blocking,Very high,Very high,,,,,,,0.8092767596,0.6412653327,0.8574966192
29.2117803097,Very high,Blocking,Very high,Very high,135,-1655,-3528,-17,20,-39,,,
29.2346198559,Very high,Blocking,Very high,Very high,185,-1587,-3491,-14,27,-26,,,
29.2523622513,Very high,Blocking,Very high,Very high,352,-1217,-3234,-11,31,-7,,,
29.2668771744,Very high,Blocking,Very high,Very high,,,,,,,0.837459445,0.6207976937,0.8620449305
29.2730917931,Very high,Blocking,Very high,Very high,1585,-74,-1628,-1,43,28,,,
29.2929587364,Very high,Blocking,Very high,Very high,2335,604,-147,2,52,31,,,
29.3139858246,Very high,Blocking,Very high,Very high,2681,1236,1245,1,52,21,,,
29.3369865417,Very high,Blocking,Very high,Very high,2837,2175,2624,3,32,23,,,
29.3408253193,Very high,Blocking,Very high,Very high,,,,,,,0.741558075,0.6449261904,0.8566830754
29.3543372154,Very high,Blocking,Very high,Very high,3368,2517,3116,8,40,28,,,
29.3752844334,Very high,Blocking,Very high,Very high,3931,2475,3967,8,44,29,,,
29.3957316875,Very high,Blocking,Very high,Very high,4479,1255,5163,-4,13,15,,,
29.411257267,Very high,Blocking,Very high,Very high,,,,,,,0.6984072328,0.4885264933,0.8914385438
29.4160327911,Very high,Blocking,Very high,Very high,4300,545,5269,-6,-8,4,,,
29.4365022182,Very high,Blocking,Very high,Very high,3673,-11,5020,-10,-19,0,,,
29.4569969177,Very high,Blocking,Very high,Very high,1883,-7,3699,-19,-18,-10,,,
29.4763946533,Very high,Blocking,Very high,Very high,,,,,,,0.6493817568,0.5419527888,0.8795660734
29.4777553082,Very high,Blocking,Very high,Very high,1070,463,2939,-23,-14,-16,,,
29.4988353252,Very high,Blocking,Very high,Very high,224,1016,2099,-26,-3,-12,,,
29.5184586048,Very high,Blocking,Very high,Very high,-122,696,1884,-29,2,-6,,,
29.5383856297,Very high,Blocking,Very high,Very high,,,,,,,0.6637336612,0.6661321521,0.851970613
29.5390791893,Very high,Blocking,Very high,Very high,-213,11,1706,-30,7,-6,,,
29.5593538284,Very high,Blocking,Very high,Very high,123,-1343,1422,-33,-3,-21,,,
29.5797328949,Very high,Blocking,Very high,Very high,291,-1482,1129,-33,-16,-28,,,
29.6015405655,Very high,Blocking,Very high,Very high,393,-1214,607,-31,-23,-33,,,
29.6050271988,Very high,Blocking,Very high,Very high,,,,,,,0.7254130244,0.6955987215,0.8454225063
29.6207113266,Very high,Blocking,Very high,Very high,458,-753,-658,-13,-11,-32,,,
29.6422286034,Very high,Blocking,Very high,Very high,355,-1007,-884,-4,-1,-26,,,
29.6616630554,Very high,Blocking,Very high,Very high,188,-1460,-640,2,5,-18,,,
29.6774840355,Very high,Blocking,Very high,Very high,,,,,,,0.8034357429,0.7229000926,0.8393555284
29.6824467182,Very high,Blocking,Very high,Very high,-405,-2194,347,6,-7,-11,,,
29.702906847,Very high,Blocking,Very high,Very high,-864,-2239,545,6,-12,-14,,,
29.7236003876,Very high,Blocking,Very high,Very high,-1474,-2155,567,8,-8,-30,,,
29.7422242165,Very high,Blocking,Very high,Very high,,,,,,,0.8602303863,0.7457168102,0.83428514
29.7435152531,Very high,Blocking,Very high,Very high,-1505,-2132,874,13,-3,-32,,,
29.7640097141,Very high,Blocking,Very high,Very high,-1436,-2169,1498,17,0,-29,,,
29.7844486237,Very high,Blocking,Very high,Very high,-1296,-2217,2239,18,-1,-22,,,
29.8060622215,Very high,Blocking,Very high,Very high,-1311,-1972,3365,15,-9,1,,,
29.8078804016,Very high,Blocking,Very high,Very high,,,,,,,0.8622988462,0.4906552732,0.8909654617
29.8256247044,Very high,Blocking,Very high,Very high,-1401,-1494,3575,13,-7,14,,,
29.8460679054,Very high,Blocking,Very high,Very high,-1257,112,4036,8,14,40,,,
29.8666899204,Very high,Blocking,Very high,Very high,-617,570,4856,-1,16,46,,,
29.8719871044,Very high,Blocking,Very high,Very high,,,,,,,0.8597671986,0.4782133698,0.8937303424
29.8871991634,Very high,Blocking,Very high,Very high,417,599,5712,-12,7,44,,,
29.9081492424,Very high,Blocking,Very high,Very high,2516,775,5968,-20,-16,47,,,
29.927901268,Very high,Blocking,Very high,Very high,2943,1310,5093,-20,-21,56,,,
29.9386320114,Very high,Blocking,Very high,Very high,,,,,,,0.8394434452,0.5178290009,0.8849269152
29.9442181587,Very high,Blocking,Very high,Very high,3075,1962,3847,-19,-20,65,,,
29.9714550972,Very high,Blocking,Very high,Very high,3042,2700,1337,-16,-11,63,,,
29.9858391285,Very high,Blocking,Very high,Very high,3148,2684,372,-15,-9,53,,,
30.0073933601,Very high,Blocking,Very high,Very high,3348,2625,-746,-9,1,37,,,
30.0131363869,Very high,Blocking,Very high,Very high,,,,,,,0.8473057747,0.5167323351,0.885170579
30.0261077881,Very high,Blocking,Very high,Very high,3374,2655,-912,-7,5,32,,,
30.0487561226,Very high,Blocking,Very high,Very high,3333,2655,-887,-5,7,27,,,
30.0696363449,Very high,Blocking,Very high,Very high,3172,2360,-624,-5,5,17,,,
30.07695508,Very high,Blocking,Very high,Very high,,,,,,,0.7889591455,0.5198948383,0.8844678402
30.0881972313,Very high,Blocking,Very high,Very high,2994,1990,-625,-6,2,12,,,
30.1082863808,Very high,Blocking,Very high,Very high,2783,1497,-623,-7,-1,8,,,
30.1288645267,Very high,Blocking,Very high,Very high,2118,360,-688,-10,-12,-2,,,
30.1389684677,Very high,Blocking,Very high,Very high,,,,,,,0.8207587004,0.4764727056,0.8941171765
30.1495835781,Very high,Blocking,Very high,Very high,1770,-201,-750,-11,-18,-7,,,
30.1705114841,Very high,Blocking,Very high,Very high,1539,-656,-916,-11,-22,-10,,,
30.1900475025,Very high,Blocking,Very high,Very high,1310,-1140,-1481,-7,-22,-13,,,
30.208796978,Very high,Blocking,Very high,Very high,,,,,,,0.8549259901,0.7566890121,0.8318468928
30.2109286785,Very high,Blocking,Very high,Very high,1069,-953,-1856,-4,-12,-7,,,
30.2332384586,Very high,Blocking,Very high,Very high,654,-311,-1718,7,17,19,,,
30.2519962788,Very high,Blocking,Very high,Very high,843,-26,-881,9,24,32,,,
30.271304369,Very high,Blocking,Very high,Very high,,,,,,,0.8222193122,0.3369228542,0.9251282215
30.2725031376,Very high,Blocking,Very high,Very high,1368,386,105,10,26,37,,,
30.2924985886,Very high,Blocking,Very high,Very high,1917,1663,2052,10,32,24,,,
30.3128724098,Very high,Blocking,Very high,Very high,2205,2254,2753,9,26,17,,,
30.3344163895,Very high,Blocking,Very high,Very high,2608,2671,3170,9,16,18,,,
30.3394122124,Very high,Blocking,Very high,Very high,,,,,,,0.7578365803,0.5975778103,0.8672049046
30.3538498878,Very high,Blocking,Very high,Very high,3449,3084,3426,11,21,27,,,
30.3755545616,Very high,Blocking,Very high,Very high,3591,3109,3467,10,23,31,,,
30.3947856426,Very high,Blocking,Very high,Very high,3425,3239,3413,11,24,30,,,
30.4160802364,Very high,Blocking,Very high,Very high,3419,3566,3178,14,23,25,,,
30.4192690849,Very high,Blocking,Very high,Very high,,,,,,,0.7518658042,0.5845507383,0.8700998425
30.4359619617,Very high,Blocking,Very high,Very high,3748,3472,3075,15,24,24,,,
30.456110239,Very high,Blocking,Very high,Very high,3977,3276,3162,14,22,21,,,
30.4777944088,Very high,Blocking,Very high,Very high,3906,3146,2866,9,14,25,,,
30.4971482754,Very high,Blocking,Very high,Very high,3646,3077,2504,7,15,23,,,
30.5024614334,Very high,Blocking,Very high,Very high,,,,,,,0.6363158822,0.5336253047,0.8814166188
30.5180807114,Very high,Blocking,Very high,Very high,2978,2376,2289,1,7,1,,,
30.5391812325,Very high,Blocking,Very high,Very high,2719,1669,2327,-1,0,-13,,,
30.5593571663,Very high,Blocking,Very high,Very high,2477,956,2343,-1,-7,-24,,,
30.5734674931,Very high,Blocking,Very high,Very high,,,,,,,0.5158063173,0.5868775845,0.8695827723
30.5793642998,Very high,Blocking,Very high,Very high,1439,375,2532,0,-18,-33,,,
30.6004495621,Very high,Blocking,Very high,Very high,339,508,2271,1,-14,-30,,,
30.620115757,Very high,Blocking,Very high,Very high,-428,314,1835,3,-5,-24,,,
30.6418631077,Very high,Blocking,Very high,Very high,-502,-1182,1552,1,8,-18,,,
30.6419990063,Very high,Blocking,Very high,Very high,,,,,,,0.7195464373,0.4324258864,0.9039053917
30.6613295078,Very high,Blocking,Very high,Very high,-478,-1792,1678,-3,4,-19,,,
30.6823236942,Very high,Blocking,Very high,Very high,-642,-2070,1698,-7,-4,-22,,,
30.6990129948,Very high,Blocking,Very high,Very high,,,,,,,0.5678636432,0.6252244711,0.8610612154
30.7024633884,Very high,Blocking,Very high,Very high,-1110,-2062,1102,-10,-5,-32,,,
30.7227427959,Very high,Blocking,Very high,Very high,-1225,-2028,696,-11,-1,-32,,,
30.7437353134,Very high,Blocking,Very high,Very high,-957,-1963,371,-9,6,-20,,,
30.7634630203,Very high,Blocking,Very high,Very high,-733,-1965,452,-9,6,-13,,,
30.7710180283,Very high,Blocking,Very high,Very high,,,,,,,0.6122190356,0.5406069756,0.8798651099
30.7839672565,Very high,Blocking,Very high,Very high,-559,-1947,578,-8,4,-9,,,
30.8049566746,Very high,Blocking,Very high,Very high,-494,-1761,586,-3,4,-10,,,
30.8249976635,Very high,Blocking,Very high,Very high,-451,-1593,555,0,5,-12,,,
30.8459858894,Very high,Blocking,Very high,Very high,-316,-1417,659,3,6,-12,,,
30.8481194973,Very high,Blocking,Very high,Very high,,,,,,,0.5829620957,0.5645676851,0.8745405078
30.8661651611,Very high,Blocking,Very high,Very high,-136,-1183,1020,9,7,-7,,,
30.8868544102,Very high,Blocking,Very high,Very high,-101,-1167,1160,12,7,-5,,,
30.9078941345,Very high,Blocking,Very high,Very high,-136,-1218,1218,14,6,-1,,,
30.9274024963,Very high,Blocking,Very high,Very high,-359,-1038,1137,16,8,12,,,
30.9362313747,Very high,Blocking,Very high,Very high,,,,,,,0.4584198296,0.559933126,0.8755704165
30.9480171204,Very high,Blocking,Very high,Very high,-417,-845,1210,17,13,18,,,
30.9695286751,Very high,Blocking,Very high,Very high,-348,-678,1583,17,17,23,,,
30.9889070988,Very high,Blocking,Very high,Very high,-44,-321,2385,9,16,27,,,
31.0096421242,Very high,Blocking,Very high,Very high,262,-59,2668,5,15,26,,,
31.0181496143,Very high,Blocking,Very high,Very high,,,,,,,0.3973688483,0.1787457019,0.9602787495
31.0298306942,Very high,Blocking,Very high,Very high,1158,994,2787,-1,19,35,,,
31.0469810963,Very high,Blocking,Very high,Very high,1693,1593,2660,-1,20,38,,,
31.0669941902,Very high,Blocking,Very high,Very high,2232,1965,2294,-1,25,38,,,
31.0874342918,Very high,Blocking,Very high,Very high,3065,2129,1577,2,23,30,,,
31.0885488987,Very high,Blocking,Very high,Very high,,,,,,,0.3973688483,0.1484746933,0.9670056105
31.1083562374,Very high,Blocking,Very high,Very high,3100,1982,964,1,21,27,,,
31.1288909912,Very high,Blocking,Very high,Very high,3097,1764,312,0,24,23,,,
31.1487803459,Very high,Blocking,Very high,Very high,2863,1481,-376,-5,20,18,,,
31.1696851254,Very high,Blocking,Very high,Very high,2723,1460,-568,-9,17,13,,,
31.1893475056,Very high,Blocking,Very high,Very high,2631,1456,-595,-11,16,6,,,
31.1946582794,Very high,Blocking,Very high,Very high,,,,,,,0.4100595415,0.3414697945,0.9241178036
31.2099826336,Very high,Blocking,Very high,Very high,2636,1112,-64,-18,11,-13,,,
31.2303495407,Very high,Blocking,Very high,Very high,2660,886,179,-21,7,-22,,,
31.2512867451,Very high,Blocking,Very high,Very high,3054,1163,318,-23,5,-26,,,
31.2687032223,Very high,Blocking,Very high,Very high,,,,,,,0.4100595415,0,1
31.2723753452,Very high,Blocking,Very high,Very high,3252,1698,252,-20,11,-20,,,
31.291775465,Very high,Blocking,Very high,Very high,3447,2274,258,-19,16,-10,,,
31.3123807907,Very high,Blocking,Very high,Very high,3795,2999,721,-16,17,11,,,
31.3329389095,Very high,Blocking,Very high,Very high,3915,2974,1191,-14,17,17,,,
31.3531608582,Very high,Blocking,Very high,Very high,4069,2797,1756,-12,18,22,,,
31.3654892445,Very high,Blocking,Very high,Very high,,,,,,,0.5312201381,0.5712681413,0.8730515242
31.374653101,Very high,Blocking,Very high,Very high,4491,2591,2962,-10,10,20,,,
31.3944263458,Very high,Blocking,Very high,Very high,4488,2759,3543,-10,1,16,,,
31.4147629738,Very high,Blocking,Very high,Very high,4366,3043,3907,-9,-8,13,,,
31.4359104633,Very high,Blocking,Very high,Very high,4187,3132,3879,-9,-15,10,,,
31.4497942925,Very high,Blocking,Very high,Very high,,,,,,,0.6586591005,0.4853311479,0.8921486139
31.4556615353,Very high,Blocking,Very high,Very high,4164,2920,3701,-8,-14,9,,,
31.4772250652,Very high,Blocking,Very high,Very high,4086,2686,3563,-8,-15,8,,,
31.4964733124,Very high,Blocking,Very high,Very high,3610,1995,3008,-11,-20,-5,,,
31.5169212818,Very high,Blocking,Very high,Very high,,,,,,,0.6586591005,0.4021611512,0.9106308222
31.5173974037,Very high,Blocking,Very high,Very high,3151,1721,2431,-10,-20,-16,,,
31.5388660431,Very high,Blocking,Very high,Very high,2346,1459,1526,-5,-33,-50,,,
31.557975769,Very high,Blocking,Very high,Very high,1448,1328,1308,0,-41,-67,,,
31.5785546303,Very high,Blocking,Very high,Very high,187,1031,1332,9,-46,-67,,,
31.5866091251,Very high,Blocking,Very high,Very high,,,,,,,0.6586591005,0.1742821783,0.9612706304
31.5992901325,Very high,Blocking,Very high,Very high,-1879,-862,1516,17,-36,-51,,,
31.6203992367,Very high,Blocking,Very high,Very high,-2287,-2206,1489,9,-29,-61,,,
31.6406612396,Very high,Blocking,Very high,Very high,-2638,-3377,1660,-1,-25,-76,,,
31.6647219658,Very high,Blocking,Very high,Very high,-3779,-4048,2282,-16,-36,-83,,,
31.6661863327,Very high,Blocking,Very high,Very high,,,,,,,0.6654771566,0.5185550451,0.8847655654
31.6857254505,Very high,Blocking,Very high,Very high,-4008,-3408,2245,-20,-33,-69,,,
31.7058160305,Very high,Blocking,Very high,Very high,-3026,-2552,2013,-21,-16,-49,,,
31.725985527,Very high,Blocking,Very high,Very high,-2369,-2556,2241,-20,-14,-49,,,
31.7357134819,Very high,Blocking,Very high,Very high,,,,,,,0.698564589,0.5797755122,0.871160984
31.7471323013,Very high,Blocking,Very high,Very high,-1716,-2627,2347,-19,-16,-51,,,
31.7628355026,Very high,Blocking,Very high,Very high,-665,-2502,1831,-18,-14,-45,,,
31.78378582,Very high,Blocking,Very high,Very high,-188,-2013,1553,-16,-15,-37,,,
31.803665638,Very high,Blocking,Very high,Very high,,,,,,,0.6635166407,0.5233324766,0.8837038875
31.803771019,Very high,Blocking,Very high,Very high,291,-1126,1362,-12,-21,-23,,,
31.8241169453,Very high,Blocking,Very high,Very high,1095,925,710,3,-32,20,,,
31.8453075886,Very high,Blocking,Very high,Very high,1398,1225,19,10,-30,35,,,
31.8657443523,Very high,Blocking,Very high,Very high,1758,807,-690,14,-28,43,,,
31.8730247021,Very high,Blocking,Very high,Very high,,,,,,,0.5676018596,0.5188951492,0.8846899867
31.8856503963,Very high,Blocking,Very high,Very high,2470,-527,-1935,16,-28,43,,,
31.9067201614,Very high,Blocking,Very high,Very high,2583,-895,-2533,13,-31,44,,,
31.9271976948,Very high,Blocking,Very high,Very high,2294,-774,-3739,2,-32,33,,,
31.941804409,Very high,Blocking,Very high,Very high,,,,,,,0.5321210623,0.5427744985,0.8793834448
31.9476177692,Very high,Blocking,Very high,Very high,2300,-520,-3902,1,-22,13,,,
31.9686098099,Very high,Blocking,Very high,Very high,2384,-100,-3321,4,-6,-7,,,
31.9883861542,Very high,Blocking,Very high,Very high,1825,1091,65,14,11,-13,,,
32.0003423691,Very high,Blocking,Very high,Very high,,,,,,,0.5168228149,0.4694765806,0.8956718445
32.0094923973,Very high,Blocking,Very high,Very high,1389,1439,2249,13,17,-15,,,
32.0290386677,Very high,Blocking,Very high,Very high,1344,1184,3921,8,21,-22,,,
32.049877882,Very high,Blocking,Very high,Very high,1715,-31,5708,0,17,-20,,,
32.0686790943,Very high,Blocking,Very high,Very high,,,,,,,0.7097170949,0.51876688,0.8847184777
32.0711169243,Very high,Blocking,Very high,Very high,1914,-365,6111,-4,9,-17,,,
32.0908167362,Very high,Blocking,Very high,Very high,1924,-360,6240,-7,1,-16,,,
32.111332655,Very high,Blocking,Very high,Very high,1390,129,5389,-14,-13,-19,,,
32.1315407753,Very high,Blocking,Very high,Very high,1120,293,4671,-15,-17,-23,,,
32.1324722767,Very high,Blocking,Very high,Very high,,,,,,,0.5343750119,0.4974199235,0.8894622326
32.1518990994,Very high,Blocking,Very high,Very high,961,117,3013,-14,-13,-43,,,
32.1752974987,Very high,Blocking,Very high,Very high,811,-120,2539,-11,-4,-57,,,
32.1931769848,Very high,Blocking,Very high,Very high,369,-335,2369,-12,-1,-74,,,
32.2022709846,Very high,Blocking,Very high,Very high,,,,,,,0,0,0
32.2136981487,Very high,Blocking,Very high,Very high,-395,-512,2365,-13,-7,-82,,,
32.2350480556,Very high,Blocking,Very high,Very high,-3482,-1291,2134,-15,-22,-69,,,
32.2547900677,Very high,Blocking,Very high,Very high,-4541,-2061,1598,-18,-20,-73,,,
32.26552701,Very high,Blocking,Very high,Very high,,,,,,,0,0,0
32.2756245136,Very high,Blocking,Very high,Very high,-5306,-2853,835,-37,-24,-89,,,
32.2952105999,Very high,Blocking,Very high,Very high,-5598,-2137,687,-47,-31,-88,,,
32.3164768219,Very high,Blocking,Very high,Very high,-5602,-1081,513,-53,-33,-88,,,
32.3219180107,Very high,Blocking,Very high,Very high,,,,,,,0.2713602185,4.1688623428,0.0735861659
32.3371536732,Very high,Blocking,Very high,Very high,-4278,253,790,-51,-15,-93,,,
32.3581235409,Very high,Blocking,Very high,Very high,-3401,277,1356,-44,-8,-90,,,
32.3782961369,Very high,Blocking,Very high,Very high,-2500,-163,1985,-35,-5,-84,,,
32.3900361061,Very high,Blocking,Very high,Very high,,,,,,,0,0,0
32.3976418972,Very high,Blocking,Very high,Very high,-1734,-761,2560,-28,-6,-71,,,
32.418576479,Very high,Blocking,Very high,Very high,-774,-1230,3054,-22,-23,-38,,,
32.431568861,Very high,Blocking,Very high,Very high,,,,,,,0,0,0
32.4401581287,Very high,Blocking,Very high,Very high,-205,-797,1884,-13,-18,-22,,,
32.459641695,Very high,Blocking,Very high,Very high,-93,-700,1235,-9,-6,-16,,,
32.4799973965,Very high,Blocking,Very high,Very high,-6,-722,716,-7,2,-8,,,
32.4900486469,Very high,Blocking,Very high,Very high,,,,,,,0,0,0
32.5009059906,Very high,Blocking,Very high,Very high,271,-943,-124,-4,12,11,,,
32.5205242634,Very high,Blocking,Very high,Very high,358,-1053,-438,-3,17,17,,,
32.5411458015,Very high,Blocking,Very high,Very high,335,-1045,-573,-3,21,17,,,
32.551015377,Very high,Blocking,Very high,Very high,,,,,,,0,0,0
32.5617594719,Very high,Blocking,Very high,Very high,-62,-1181,31,-9,27,-18,,,
32.582870245,Very high,Blocking,Very high,Very high,-260,-1483,900,-18,20,-41,,,
32.6039686203,Very high,Blocking,Very high,Very high,,,,,,,0.8222972751,0.4919088185,0.8906869292
32.6061177254,Very high,Blocking,Very high,Very high,-405,-1648,1701,-26,5,-52,,,
32.6231467724,Very high,Blocking,Very high,Very high,-367,-1607,2024,-35,-5,-62,,,
32.6435670853,Very high,Blocking,Very high,Very high,-412,-1380,1901,-36,0,-61,,,
32.6533257961,Very high,Blocking,Very high,Very high,,,,,,,0.8280539513,0.5598044991,0.8755990267
32.6641554832,Very high,Blocking,Very high,Very high,-520,-855,1757,-37,-1,-63,,,
32.6849691868,Very high,Blocking,Very high,Very high,-362,-708,1701,-35,-4,-75,,,
32.705183506,Very high,Blocking,Very high,Very high,-101,-570,1800,-29,-2,-89,,,
32.7255051136,Very high,Blocking,Very high,Very high,-90,-286,2421,-27,-2,-113,,,
32.7257170677,Very high,Blocking,Very high,Very high,,,,,,,0.7273795009,0.6036468148,0.8658562899
32.7460312843,Very high,Blocking,Very high,Very high,-329,-88,2639,-26,-5,-123,,,
32.7666349411,Very high,Blocking,Very high,Very high,-740,24,2591,-22,-1,-125,,,
32.7877764702,Very high,Blocking,Very high,Very high,-1318,-259,2395,-19,6,-112,,,
32.7967894077,Very high,Blocking,Very high,Very high,,,,,,,0.7230635285,0.6373934746,0.8583570123
32.8078019619,Very high,Blocking,Very high,Very high,-2559,-1428,1847,-20,18,-69,,,
32.8276462555,Very high,Blocking,Very high,Very high,-3045,-1911,1826,-22,9,-46,,,
32.8442587852,Very high,Blocking,Very high,Very high,-3158,-1718,1194,-24,-12,-15,,,
32.8648197651,Very high,Blocking,Very high,Very high,-2888,-1281,603,-22,-14,-12,,,
32.8717801571,Very high,Blocking,Very high,Very high,,,,,,,0.7626955509,0.6607672572,0.8531628251
32.885134697,Very high,Blocking,Very high,Very high,-2585,-982,95,-20,-15,-14,,,
32.9062919617,Very high,Blocking,Very high,Very high,-2373,-1225,-491,-13,-9,-21,,,
32.9263954163,Very high,Blocking,Very high,Very high,-2471,-1467,-318,-10,-9,-20,,,
32.9481112957,Very high,Blocking,Very high,Very high,-2577,-1524,624,-6,-13,-17,,,
32.9573037624,Very high,Blocking,Very high,Very high,,,,,,,0.6940396428,0.6660256386,0.851994276
32.968205452,Very high,Blocking,Very high,Very high,-2841,-1492,940,-1,-14,-9,,,
32.9873697758,Very high,Blocking,Very high,Very high,-3096,-1279,1245,1,-13,3,,,
33.0088889599,Very high,Blocking,Very high,Very high,-3440,-1307,1869,3,-4,3,,,
33.0285634995,Very high,Blocking,Very high,Very high,-3416,-1432,2131,4,-8,3,,,
33.0306053162,Very high,Blocking,Very high,Very high,,,,,,,0.6732344627,0.5260230899,0.8831059933
33.0499789715,Very high,Blocking,Very high,Very high,-3225,-1356,2055,5,-12,6,,,
33.0702409744,Very high,Blocking,Very high,Very high,-2718,-985,1318,4,-6,5,,,
33.089851141,Very high,Blocking,Very high,Very high,-2466,-810,922,6,0,3,,,
33.0945630074,Very high,Blocking,Very high,Very high,,,,,,,0.5892319083,0.5339133739,0.8813526034
33.1110394001,Very high,Blocking,Very high,Very high,-2219,-666,615,7,7,-1,,,
33.1307411194,Very high,Blocking,Very high,Very high,-1434,-484,361,8,15,-8,,,
33.151475668,Very high,Blocking,Very high,Very high,-938,-727,593,8,20,-14,,,
33.1582398415,Very high,Blocking,Very high,Very high,,,,,,,0.5594451427,0.5257328749,0.8831704855
33.1728289127,Very high,Blocking,Very high,Very high,-562,-2035,2362,11,15,-16,,,
33.1933848858,Very high,Blocking,Very high,Very high,-759,-2411,2849,7,5,-5,,,
33.2130634785,Very high,Blocking,Very high,Very high,-966,-2260,2693,6,-5,7,,,
33.2256112099,Very high,Blocking,Very high,Very high,,,,,,,0.5305530429,0.5263750553,0.883027792
33.2339150906,Very high,Blocking,Very high,Very high,-1032,-1859,2148,5,-7,18,,,
33.2536628246,Very high,Blocking,Very high,Very high,-1019,-1478,1568,5,-3,22,,,
33.275339365,Very high,Blocking,Very high,Very high,-943,-1229,1113,5,1,22,,,
33.2947084904,Very high,Blocking,Very high,Very high,-933,-1115,823,3,6,14,,,
33.295068264,Very high,Blocking,Very high,Very high,,,,,,,0.5340951681,0.5260714889,0.8830952048
33.3152303696,Very high,Blocking,Very high,Very high,-1045,-1164,909,1,7,9,,,
33.3365776539,Very high,Blocking,Very high,Very high,-1203,-1170,1030,0,7,5,,,
33.356564045,Very high,Blocking,Very high,Very high,-1237,-1271,1194,-4,4,4,,,
33.3668234348,Very high,Blocking,Very high,Very high,,,,,,,0.5188800693,0.5563702583,0.8763621449
33.3774449825,Very high,Blocking,Very high,Very high,-1043,-1341,1216,-5,3,7,,,
33.3970253468,Very high,Blocking,Very high,Very high,-873,-1363,1232,-7,3,11,,,
33.418087244,Very high,Blocking,Very high,Very high,-565,-1275,1209,-10,5,11,,,
33.4323084354,Very high,Blocking,Very high,Very high,,,,,,,0.5051774979,0.6020342708,0.866214633
33.4389331341,Very high,Blocking,Very high,Very high,-455,-1181,1228,-10,6,11,,,
33.4585354328,Very high,Blocking,Very high,Very high,-221,-1090,1468,-7,8,17,,,
33.479547739,Very high,Blocking,Very high,Very high,-81,-1113,1645,-4,7,21,,,
33.4954104424,Very high,Blocking,Very high,Very high,,,,,,,0.519607842,0.6404898763,0.8576689363
33.50025177,Very high,Blocking,Very high,Very high,20,-1127,1831,-1,7,24,,,
33.520321846,Very high,Blocking,Very high,Very high,148,-890,2089,4,4,36,,,
33.5419032574,Very high,Blocking,Very high,Very high,203,-734,2152,7,2,42,,,
33.5608496666,Very high,Blocking,Very high,Very high,359,-618,2200,10,-1,48,,,
33.5642836094,Very high,Blocking,Very high,Very high,,,,,,,0.5937600732,0.6071848273,0.865070045
33.581849575,Very high,Blocking,Very high,Very high,835,-502,2266,17,-5,60,,,
33.6055455208,Very high,Blocking,Very high,Very high,941,-453,2208,21,-5,64,,,
33.6227450371,Very high,Blocking,Very high,Very high,959,-418,2089,24,-3,68,,,
33.6354417801,Very high,Blocking,Very high,Very high,,,,,,,0.4689441025,0.5891253948,0.8690832257
33.6429622173,Very high,Blocking,Very high,Very high,968,-363,1862,31,2,73,,,
33.6632089615,Very high,Blocking,Very high,Very high,993,-255,1846,33,1,77,,,
33.6845605373,Very high,Blocking,Very high,Very high,1198,-1,1728,34,-2,88,,,
33.7010390759,Very high,Blocking,Very high,Very high,,,,,,,0.4608134925,0.5672963858,0.8739341497
33.7049634457,Very high,Blocking,Very high,Very high,1284,53,1546,36,0,87,,,
33.7246572971,Very high,Blocking,Very high,Very high,1276,61,1423,38,2,85,,,
33.745292902,Very high,Blocking,Very high,Very high,1139,8,1235,39,4,80,,,
33.7661554813,Very high,Blocking,Very high,Very high,1103,48,1182,39,3,79,,,
33.7675271034,Very high,Blocking,Very high,Very high,,,,,,,0.4550571442,0.5500860214,0.8777586818
33.786648035,Very high,Blocking,Very high,Very high,1099,21,1106,39,3,76,,,
33.8077816963,Very high,Blocking,Very high,Very high,1048,-174,1116,41,10,64,,,
33.8209950924,Very high,Blocking,Very high,Very high,,,,,,,0.4544710219,0.547299087,0.878377974
33.8270828724,Very high,Blocking,Very high,Very high,896,-260,1294,41,12,59,,,
33.8486940861,Very high,Blocking,Very high,Very high,705,-419,1514,39,12,53,,,
33.8704664707,Very high,Blocking,Very high,Very high,358,-641,1778,33,7,43,,,
33.8893294334,Very high,Blocking,Very high,Very high,327,-638,1800,30,5,39,,,
33.8956651688,Very high,Blocking,Very high,Very high,,,,,,,0.4342169464,0.5476549864,0.8782988787
33.9093904495,Very high,Blocking,Very high,Very high,339,-684,1772,27,5,34,,,
33.9294447899,Very high,Blocking,Very high,Very high,341,-839,1718,23,4,23,,,
33.9464523792,Very high,Blocking,Very high,Very high,368,-937,1693,20,3,18,,,
33.9688472748,Very high,Blocking,Very high,Very high,467,-951,1539,11,0,10,,,
33.9688773155,Very high,Blocking,Very high,Very high,,,,,,,0.4328395128,0.5409047008,0.8797989488
33.9868769646,Very high,Blocking,Very high,Very high,611,-801,1577,8,0,8,,,
34.0080313683,Very high,Blocking,Very high,Very high,747,-604,1743,6,-1,5,,,
34.0280828476,Very high,Blocking,Very high,Very high,1097,-613,2220,1,-2,-5,,,
34.0312764645,Very high,Blocking,Very high,Very high,,,,,,,0.4390046299,0.5479524136,0.8782327771
34.0494959354,Very high,Blocking,Very high,Very high,1103,-761,2282,-3,-5,-9,,,
34.0703675747,Very high,Blocking,Very high,Very high,1173,-831,2215,-7,-9,-14,,,
34.0892591476,Very high,Blocking,Very high,Very high,,,,,,,0.4438638985,0.5456606746,0.8787420988
34.0894508362,Very high,Blocking,Very high,Very high,1462,-717,2225,-9,-10,-15,,,
34.1101660728,Very high,Blocking,Very high,Very high,2215,-44,2591,-11,-11,-8,,,
34.1302638054,Very high,Blocking,Very high,Very high,2377,143,2622,-10,-10,-6,,,
34.1509943008,Very high,Blocking,Very high,Very high,2158,10,2363,-7,-10,-4,,,
34.1636846066,Very high,Blocking,Very high,Very high,,,,,,,0.4224986434,0.5505344272,0.8776590228
34.1756501198,Very high,Blocking,Very high,Very high,1986,-85,2161,-6,-10,-5,,,
34.1958398819,Very high,Blocking,Very high,Very high,1823,-141,1993,-7,-10,-6,,,
34.2164509296,Very high,Blocking,Very high,Very high,1538,-76,1695,-9,-12,-5,,,
34.2315661907,Very high,Blocking,Very high,Very high,,,,,,,0.380952388,0.5656709075,0.8742953539
34.2372319698,Very high,Blocking,Very high,Very high,1429,-43,1508,-10,-12,-7,,,
34.2577707767,Very high,Blocking,Very high,Very high,1040,-150,1018,-14,-13,-17,,,
34.2784554958,Very high,Blocking,Very high,Very high,786,-236,661,-14,-14,-23,,,
34.298396349,Very high,Blocking,Very high,Very high,626,-45,371,-12,-15,-22,,,
34.3001511097,Very high,Blocking,Very high,Very high,,,,,,,0.3591828346,0.5625942945,0.8749790192
34.3190023899,Very high,Blocking,Very high,Very high,364,236,-333,-5,-4,-13,,,
34.3399717808,Very high,Blocking,Very high,Very high,83,-39,-325,0,8,-13,,,
34.3570668697,Very high,Blocking,Very high,Very high,,,,,,,0.4709612727,0.5220666528,0.8839851618
34.3600862026,Very high,Blocking,Very high,Very high,-476,-576,866,3,9,-13,,,
34.3805618286,Very high,Blocking,Very high,Very high,-694,-667,1400,1,2,-13,,,
34.4018073082,Very high,Blocking,Very high,Very high,-848,-504,1539,-2,-4,-11,,,
34.4150462151,Very high,Blocking,Very high,Very high,,,,,,,0.3897260129,0.5355830193,0.8809815645
34.4210429192,Very high,Blocking,Very high,Very high,-836,-48,1330,-1,5,-12,,,
34.4418549538,Very high,Blocking,Very high,Very high,-571,213,1530,1,14,-17,,,
34.4619967937,Very high,Blocking,Very high,Very high,48,402,1969,0,16,-22,,,
34.46920681,Very high,Blocking,Very high,Very high,,,,,,,0,0,0
34.4830596447,Very high,Blocking,Very high,Very high,1643,405,2908,0,16,-31,,,
34.5032000542,Very high,Blocking,Very high,Very high,1938,327,3556,2,15,-30,,,
34.5185091496,Very high,Blocking,Very high,Very high,,,,,,,0,0,0
34.5234501362,Very high,Blocking,Very high,Very high,2002,102,4102,3,13,-25,,,
34.5441031456,Very high,Blocking,Very high,Very high,1807,-433,4374,2,4,-13,,,
34.5645084381,Very high,Blocking,Very high,Very high,1766,-480,4088,1,0,-8,,,
34.5797088146,Very high,Blocking,Very high,Very high,,,,,,,0,0,0
34.5850028992,Very high,Blocking,Very high,Very high,1522,-493,3317,0,-1,-5,,,
34.6068120003,Very high,Blocking,Very high,Very high,1377,-551,2912,0,-1,-6,,,
34.6266889572,Very high,Blocking,Very high,Very high,1252,-631,2532,-1,-1,-6,,,
34.6338338852,Very high,Blocking,Very high,Very high,,,,,,,0,0,0
34.6466710567,Very high,Blocking,Very high,Very high,1095,-758,1999,-2,-1,-3,,,
34.6627058983,Very high,Blocking,Very high,Very high,1114,-772,1815,-3,-1,-2,,,
34.6833758354,Very high,Blocking,Very high,Very high,1129,-792,1663,-4,0,-1,,,
34.6840422153,Very high,Blocking,Very high,Very high,,,,,,,0,0,0
34.7048330307,Very high,Blocking,Very high,Very high,1180,-672,1443,-7,0,0,,,
34.7240645885,Very high,Blocking,Very high,Very high,1195,-533,1368,-8,1,1,,,
34.7452208996,Very high,Blocking,Very high,Very high,1198,-374,1237,-8,3,2,,,
34.7500565052,Very high,Blocking,Very high,Very high,,,,,,,0,0,0
34.7652392387,Very high,Blocking,Very high,Very high,1194,-330,1283,-10,8,-2,,,
34.786118269,Very high,Blocking,Very high,Very high,1193,-444,1503,-12,7,-3,,,
34.8044822216,Very high,Blocking,Very high,Very high,,,,,,,0,0,0
34.8067872524,Very high,Blocking,Very high,Very high,1186,-565,1719,-13,6,-5,,,
34.8265907764,Very high,Blocking,Very high,Very high,1131,-657,2043,-14,1,-4,,,
34.8472614288,Very high,Blocking,Very high,Very high,1091,-754,1924,-14,1,-5,,,
34.851088047,Very high,Blocking,Very high,Very high,,,,,,,0,0,0
34.8689408302,Very high,Blocking,Very high,Very high,1100,-847,1738,-13,4,-6,,,
34.8887891769,Very high,Blocking,Very high,Very high,1158,-854,1654,-10,9,-6,,,
34.9091494083,Very high,Blocking,Very high,Very high,1197,-852,1766,-9,9,-4,,,
34.91751647,Very high,Blocking,Very high,Very high,,,,,,,0,0,0
34.9288647175,Very high,Blocking,Very high,Very high,1159,-841,2014,-7,7,-2,,,
34.9504389763,Very high,Blocking,Very high,Very high,1056,-793,2082,-7,7,-1,,,
34.9710924625,Very high,Blocking,Very high,Very high,1002,-722,2109,-6,8,0,,,
34.9871499538,Very high,Blocking,Very high,Very high,,,,,,,0,0,0
34.9904878139,Very high,Blocking,Very high,Very high,1049,-724,2134,-8,8,1,,,
35.0113515854,Very high,Blocking,Very high,Very high,1102,-724,2138,-8,7,2,,,
35.0314221382,Very high,Blocking,Very high,Very high,1164,-679,2128,-8,6,4,,,
35.0469202995,Very high,Blocking,Very high,Very high,,,,,,,0,0,0
35.0516893864,Very high,Blocking,Very high,Very high,1341,-600,1792,-6,14,5,,,
35.0736608505,Very high,Blocking,Very high,Very high,1504,-653,1554,-4,19,7,,,
35.0936660767,Very high,Blocking,Very high,Very high,2179,-609,1102,-3,27,18,,,
35.1007585526,Very high,Blocking,Very high,Very high,,,,,,,0,0,0
35.1137626171,Very high,Blocking,Very high,Very high,2480,-744,1146,-2,32,15,,,
35.134516716,Very high,Blocking,Very high,Very high,2600,-1105,1570,-3,34,8,,,
35.1519329548,Very high,Blocking,Very high,Very high,,,,,,,0,0,0
35.1545319557,Very high,Blocking,Very high,Very high,2694,-1893,2699,-5,22,5,,,
35.1769151688,Very high,Blocking,Very high,Very high,2822,-1863,3151,-6,13,12,,,
35.1951315403,Very high,Blocking,Very high,Very high,2995,-1577,3433,-6,3,19,,,
35.2172312737,Very high,Inactive,Very high,Very high,2864,-1185,3179,-7,-6,22,,,
35.2198030949,Very high,Inactive,Very high,Very high,,,,,,,0,0,0
35.23695755,Very high,Inactive,Very high,Very high,2782,-1150,2889,-6,-8,25,,,
35.2571043968,Very high,Inactive,Very high,Very high,2923,-1010,2620,-5,-11,31,,,
35.2790675163,Very high,Inactive,Very high,Very high,3825,-690,2232,1,-17,42,,,
35.2864611149,Very high,Inactive,Very high,Very high,,,,,,,0,0,0
35.2976157665,Very high,Inactive,Very high,Very high,4296,-456,2021,9,-18,45,,,
35.3185956478,Very high,Inactive,Very high,Very high,4527,-334,2028,18,-17,44,,,
35.3395006657,Very high,Inactive,Very high,Very high,4318,-252,2923,25,-31,39,,,
35.3457701206,Very high,Inactive,Very high,Very high,,,,,,,0,0,0
35.3590555191,Very high,Inactive,Very high,Very high,3780,100,2704,30,-31,25,,,
35.380582571,Very high,Inactive,Very high,Very high,2986,641,2884,37,-23,24,,,
35.3956656456,Very high,Inactive,Very high,Very high,,,,,,,0,0,0
35.4004929066,Very high,Inactive,Very high,Very high,67,2033,3029,31,-45,33,,,
35.4210498333,Very high,Inactive,Very high,Very high,-1485,2189,2482,30,-25,16,,,
35.440867424,Very high,Inactive,Very high,Very high,-3829,1429,2831,15,-25,20,,,
35.4493105412,Very high,Inactive,Very high,Very high,,,,,,,0,0,0
35.461420536,Very high,Inactive,Very high,Very high,-4110,1256,1868,9,-20,20,,,
35.482278347,Very high,Inactive,Very high,Very high,-4092,1354,618,6,0,16,,,
35.5029377937,Very high,Inactive,Very high,Very high,-3777,1711,0,-2,10,15,,,
35.5155684948,Very high,Inactive,Very high,Very high,,,,,,,0,0,0
35.5227601528,Very high,Inactive,Very high,Very high,-3391,1601,13,-5,12,9,,,
35.543361187,Very high,Inactive,Very high,Very high,-2834,1259,9,-5,19,0,,,
35.5585889816,Very high,Inactive,Very high,Very high,,,,,,,0,0,0
35.5647678375,Very high,Inactive,Very high,Very high,-1791,218,846,-9,23,-2,,,
35.5846440792,Very high,Inactive,Very high,Very high,-1254,-251,1684,-14,16,3,,,
35.6061472893,Very high,Inactive,Very high,Very high,103,-391,2053,-22,2,19,,,
35.6132936478,Very high,Inactive,Very high,Very high,,,,,,,0,0,0
35.6251847744,Very high,Inactive,Very high,Very high,821,-543,1750,-22,3,18,,,
35.6471676826,Very high,Inactive,Very high,Very high,1645,-688,1542,-19,4,18,,,
35.6664488316,Very high,Inactive,Very high,Very high,2875,-471,1264,-10,2,15,,,
35.6669068336,Very high,Inactive,Very high,Very high,,,,,,,0,0,0
35.687066555,Very high,Inactive,Very high,Very high,2993,-42,1063,-6,1,12,,,
35.7071480751,Very high,Inactive,Very high,Very high,2820,429,852,-3,1,8,,,
35.7159397602,Very high,Inactive,Very high,Very high,,,,,,,0,0,0
35.7276985645,Very high,Inactive,Very high,Very high,2370,697,1339,-3,1,-5,,,
35.7443785667,Very high,Inactive,Very high,Very high,2345,532,1819,-4,2,-8,,,
35.76592803,Very high,Inactive,Very high,Very high,2162,111,2532,-4,3,-6,,,
35.7687661648,Very high,Inactive,Very high,Very high,,,,,,,0,0,0
35.7853953838,Very high,Inactive,Very high,Very high,1506,-285,3707,-7,-10,10,,,
35.8076701164,Very high,Inactive,Very high,Very high,1443,-201,3555,-6,-10,10,,,
35.8263165951,Very high,Inactive,Very high,Very high,,,,,,,0,0,0
35.8263273239,Very high,Inactive,Very high,Very high,1504,-119,3237,-4,-8,8,,,
35.8471064568,Very high,Inactive,Very high,Very high,1538,-201,2748,-2,-2,5,,,
35.8674669266,Very high,Inactive,Very high,Very high,1476,-293,2747,-1,0,4,,,
35.882427454,Very high,Inactive,Very high,Very high,,,,,,,0,0,0
35.8873853683,Very high,Inactive,Very high,Very high,1400,-277,2791,0,-2,5,,,
35.9089148045,Very high,Inactive,Very high,Very high,1403,-110,2241,0,0,7,,,
35.9287240505,Very high,Inactive,Very high,Very high,1430,-228,2004,1,7,6,,,
35.9318974018,Very high,Inactive,Very high,Very high,,,,,,,0,0,0
35.9494333267,Very high,Inactive,Very high,Very high,1204,-329,1957,1,4,8,,,
35.9696803093,Very high,Inactive,Very high,Very high,1123,-296,1952,0,3,6,,,
35.9862732887,Very high,Inactive,Very high,Very high,,,,,,,0,0,0
35.9899246693,Very high,Inactive,Very high,Very high,1098,-160,1952,0,2,5,,,
36.0115675926,Very high,Inactive,Very high,Very high,1052,152,1778,1,2,4,,,
36.030734539,Very high,Inactive,Very high,Very high,1031,182,1755,1,5,3,,,
36.0527260303,Very high,Inactive,Very high,Very high,966,136,1845,1,8,2,,,
36.0552377701,Very high,Inactive,Very high,Very high,,,,,,,0,0,0
36.0728042126,Very high,Inactive,Very high,Very high,825,-42,2153,1,7,2,,,
36.0922577381,Very high,Inactive,Very high,Very high,817,-109,2241,0,7,3,,,
36.1136894226,Very high,Inactive,Very high,Very high,1025,-88,2191,-2,10,5,,,
36.1184957027,Very high,Inactive,Very high,Very high,,,,,,,0,0,0
36.1345005035,Very high,Inactive,Very high,Very high,1113,-26,2161,-2,10,5,,,
36.1547739506,Very high,Inactive,Very high,Very high,1181,47,2107,-3,10,5,,,
36.1746733189,Very high,Inactive,Very high,Very high,1336,41,2202,-5,10,2,,,
36.1804978848,Very high,Inactive,Very high,Very high,,,,,,,0,0,0
36.1944839954,Very high,Inactive,Very high,Very high,1359,30,2309,-6,8,1,,,
36.2159147263,Very high,Inactive,Very high,Very high,1321,30,2389,-7,7,1,,,
36.2301237583,Very high,Inactive,Very high,Very high,,,,,,,0,0,0
36.2362616062,Very high,Inactive,Very high,Very high,1282,20,2502,-8,7,3,,,
36.2569310665,Very high,Inactive,Very high,Very high,1359,-25,2558,-9,6,4,,,
36.2766170502,Very high,Inactive,Very high,Very high,1434,-63,2600,-9,5,4,,,
36.2821199894,Very high,Inactive,Very high,Very high,,,,,,,0,0,0
36.2971162796,Very high,Inactive,Very high,Very high,1530,-15,2474,-9,3,5,,,
36.3184537888,Very high,Inactive,Very high,Very high,1544,37,2352,-9,3,5,,,
36.3331494331,Very high,Inactive,Very high,Very high,,,,,,,0,0,0
36.3396089077,Very high,Inactive,Very high,Very high,1569,83,2230,-9,4,5,,,
36.358479023,Very high,Inactive,Very high,Very high,1629,-5,2067,-9,5,6,,,
36.3789114952,Very high,Inactive,Very high,Very high,1661,10,1966,-8,5,6,,,
36.3830256462,Very high,Inactive,Very high,Very high,,,,,,,0,0,0
36.3997507095,Very high,Inactive,Very high,Very high,1675,15,1926,-7,6,6,,,
36.4204494953,Very high,Inactive,Very high,Very high,1587,59,2019,-8,3,6,,,
36.4360251427,Very high,Inactive,Very high,Very high,,,,,,,0,0,0
36.4415786266,Very high,Inactive,Very high,Very high,1557,35,1880,-8,5,3,,,
36.4607167244,Very high,Inactive,Very high,Very high,1562,-52,1972,-8,10,1,,,
36.4816157818,Very high,Inactive,Very high,Very high,1575,-36,2118,-8,7,2,,,
36.4926741123,Very high,Inactive,Very high,Very high,,,,,,,0,0,0
36.50334692,Very high,Inactive,Very high,Very high,1597,-21,2226,-7,7,1,,,
36.5235288143,Very high,Inactive,Very high,Very high,1646,74,2449,-6,6,1,,,
36.5428152084,Very high,Inactive,Very high,Very high,1617,74,2434,-5,7,0,,,
36.5620150566,Very high,Inactive,Very high,Very high,,,,,,,0.6834800839,0.5011057854,0.8886431456
36.563147068,Very high,Inactive,Very high,Very high,1557,10,2442,-5,7,-1,,,
36.5842535496,Very high,Inactive,Very high,Very high,1528,-90,2406,-4,9,-1,,,
36.6057088375,Very high,Inactive,Very high,Very high,1503,-123,2336,-3,9,-1,,,
36.624833107,Very high,Inactive,Very high,Very high,1378,-247,2224,-2,11,-3,,,
36.6282858849,Very high,Inactive,Very high,Very high,,,,,,,0.6834800839,0.0664763302,0.9852274656
36.6457870007,Very high,Inactive,Very high,Very high,1331,-298,2288,-2,11,-2,,,
36.6664400101,Very high,Inactive,Very high,Very high,1305,-290,2254,-2,9,-2,,,
36.6864292622,Very high,Inactive,Very high,Very high,1318,-229,1970,0,8,-1,,,
36.6986982822,Very high,Inactive,Very high,Very high,,,,,,,0.6834800839,0,1
36.7070171833,Very high,Inactive,Very high,Very high,1313,-224,1859,0,8,-1,,,
36.7269175053,Very high,Inactive,Very high,Very high,1285,-226,1811,0,9,-1,,,
36.7479584217,Very high,Inactive,Very high,Very high,1104,-244,1835,1,9,-2,,,
36.7689781189,Very high,Inactive,Very high,Very high,998,-226,1787,1,9,-3,,,
36.7884559631,Very high,Inactive,Very high,Very high,856,-239,1728,2,10,-2,,,
36.8035614491,Very high,Inactive,Very high,Very high,,,,,,,0.2741163969,0.5818519592,0.8706995845
36.8089623451,Very high,Inactive,Very high,Very high,843,-263,1732,2,10,-2,,,
36.8301579952,Very high,Inactive,Very high,Very high,796,-275,1809,2,10,-2,,,
36.8507387638,Very high,Inactive,Very high,Very high,743,-279,1886,2,10,-2,,,
36.8708832264,Very high,Inactive,Very high,Very high,719,-319,1881,2,10,-3,,,
36.8909492493,Very high,Inactive,Very high,Very high,703,-367,1884,1,10,-3,,,
36.8954567909,Very high,Inactive,Very high,Very high,,,,,,,0.2769903839,0.6397578716,0.8578315973
36.9116184711,Very high,Inactive,Very high,Very high,582,-457,1779,-2,10,-4,,,
36.9318673611,Very high,Inactive,Very high,Very high,494,-542,1770,-4,13,-5,,,
36.9538872242,Very high,Inactive,Very high,Very high,422,-535,1850,-6,13,-6,,,
36.9733719826,Very high,Inactive,Very high,Very high,455,-257,1925,-6,21,-6,,,
36.9926841259,Very high,Inactive,Very high,Very high,,,,,,,0.3052577972,0.741617322,0.8351961374
36.9931704998,Very high,Inactive,Very high,Very high,596,-215,1941,-5,27,-6,,,
37.0143516064,Very high,Inactive,Very high,Very high,998,-177,2018,-5,34,2,,,
37.0352082253,Very high,Inactive,Very high,Very high,1306,-390,2209,-5,37,2,,,
37.0551960468,Very high,Inactive,Very high,Very high,1625,-658,2443,-6,38,2,,,
37.0763363838,Very high,Inactive,Very high,Very high,2239,-752,2356,-5,40,5,,,
37.0812673569,Very high,Inactive,Very high,Very high,,,,,,,0.353248626,0.7827542424,0.8260546327
37.0956888199,Very high,Inactive,Very high,Very high,2621,-654,2152,-3,41,8,,,
37.1171357632,Very high,Inactive,Very high,Very high,3080,-551,2037,0,41,8,,,
37.1372334957,Very high,Inactive,Very high,Very high,3636,-389,2252,7,37,6,,,
37.1570110321,Very high,Inactive,Very high,Very high,3677,-348,2678,7,33,11,,,
37.1594815254,Very high,Inactive,Very high,Very high,,,,,,,0.3666634858,0.8596001863,0.8089777231
37.1778216362,Very high,Inactive,Very high,Very high,3539,-354,3013,6,27,14,,,
37.1988563538,Very high,Inactive,Very high,Very high,2985,-844,2840,4,20,17,,,
37.2194702625,Very high,Inactive,Very high,Very high,2844,-1262,2516,3,17,17,,,
37.2397634983,Very high,Inactive,Very high,Very high,2756,-1493,2134,1,11,17,,,
37.2405929565,Very high,Inactive,Very high,Very high,,,,,,,0.3436538279,0.8910046816,0.8019989729
37.2595074177,Very high,Inactive,Very high,Very high,2572,-1241,1577,0,1,12,,,
37.2800028324,Very high,Inactive,Very high,Very high,2408,-862,1382,1,-1,8,,,
37.3014874458,Very high,Inactive,Very high,Very high,1990,-208,1016,5,-3,0,,,
37.3110718727,Very high,Inactive,Very high,Very high,,,,,,,0.3166902363,0.9668026567,0.7851549387
37.3209400177,Very high,Inactive,Very high,Very high,1653,-96,655,5,-5,-3,,,
37.3426036835,Very high,Inactive,Very high,Very high,1265,-27,428,5,-5,-4,,,
37.3620526791,Very high,Inactive,Very high,Very high,436,616,491,16,1,0,,,
37.3717067242,Very high,Inactive,Very high,Very high,,,,,,,0.3058257103,1.0322269201,0.7706162333
37.3827393055,Very high,Inactive,Very high,Very high,-207,508,898,19,10,7,,,
37.4030683041,Very high,Inactive,Very high,Very high,-757,-18,1549,18,12,9,,,
37.4235365391,Very high,Inactive,Very high,Very high,-1109,-511,2059,15,7,11,,,
37.4393594265,Very high,Inactive,Very high,Very high,,,,,,,0.3041712344,1.062428236,0.76390481
37.4439132214,Very high,Inactive,Very high,Very high,-921,-447,2017,14,10,11,,,
37.4642460346,Very high,Inactive,Very high,Very high,-566,-425,1906,12,14,10,,,
37.485247612,Very high,Inactive,Very high,Very high,77,-213,1456,11,18,11,,,
37.5065612793,Very high,Inactive,Very high,Very high,313,-65,1190,11,22,14,,,
37.5147969723,Very high,Inactive,Very high,Very high,,,,,,,0.313816905,1.1150453091,0.7522121668
37.5258929729,Very high,Inactive,Very high,Very high,538,31,944,13,26,24,,,
37.5464000702,Very high,Inactive,Very high,Very high,442,-44,914,12,24,29,,,
37.5628800392,Very high,Inactive,Very high,Very high,222,-168,909,11,23,32,,,
37.5758843422,Very high,Inactive,Very high,Very high,,,,,,,0.348903358,1.1300225258,0.7488838434
37.5831861496,Very high,Inactive,Very high,Very high,-65,-258,903,8,22,33,,,
37.6043436527,Very high,Inactive,Very high,Very high,-231,-118,1096,2,21,25,,,
37.6243281364,Very high,Inactive,Very high,Very high,-47,57,1356,-1,21,19,,,
37.6419713497,Very high,Inactive,Very high,Very high,,,,,,,0.36629197,1.1437470913,0.745833993
37.6451208591,Very high,Inactive,Very high,Very high,910,269,2260,-4,18,16,,,
37.6653666496,Very high,Inactive,Very high,Very high,1519,251,2505,-6,16,18,,,
37.6857044697,Very high,Inactive,Very high,Very high,2174,151,2550,-7,14,19,,,
37.7062485218,Very high,Inactive,Very high,Very high,,,,,,,0.373826772,1.2092772722,0.7312717438
37.7063453197,Very high,Inactive,Very high,Very high,3269,138,2198,-10,3,12,,,
37.7266530991,Very high,Inactive,Very high,Very high,3578,421,1757,-8,1,7,,,
37.7470290661,Very high,Inactive,Very high,Very high,3820,739,1406,-5,5,2,,,
37.7680284977,Very high,Inactive,Very high,Very high,4219,929,1521,-2,5,-3,,,
37.7737600803,Very high,Inactive,Very high,Very high,,,,,,,0.3647497594,1.2403109074,0.7243753672
37.7878038883,Very high,Inactive,Very high,Very high,4198,807,1730,-2,-1,-6,,,
37.8099882603,Very high,Inactive,Very high,Very high,3657,561,1776,-2,-5,-6,,,
37.8295822144,Very high,Inactive,Very high,Very high,3377,370,1751,-2,-1,-7,,,
37.8427791595,Very high,Inactive,Very high,Very high,,,,,,,0.3743181229,1.2412512302,0.7241663933
37.8495419025,Very high,Inactive,Very high,Very high,3231,109,1747,-3,-2,-9,,,
37.8703994751,Very high,Inactive,Very high,Very high,2983,-190,1577,-8,-14,-15,,,
37.8906302452,Very high,Inactive,Very high,Very high,2776,-204,1345,-9,-17,-20,,,
37.9109737873,Very high,Inactive,Very high,Very high,2522,-263,1131,-8,-19,-25,,,
37.9175400734,Very high,Inactive,Very high,Very high,,,,,,,0.3312273324,1.2314469814,0.7263451219
37.9312865734,Very high,Inactive,Very high,Very high,2096,-320,933,-10,-24,-30,,,
37.952208519,Very high,Inactive,Very high,Very high,1857,-274,783,-12,-31,-31,,,
37.9731872082,Very high,Inactive,Very high,Very high,1526,-186,477,-16,-37,-32,,,
37.9926679134,Very high,Inactive,Very high,Very high,964,-253,-188,-20,-37,-39,,,
38.000582695,Very high,Inactive,Very high,Very high,,,,,,,0.315210551,1.21887815,0.7291381955
38.0133759975,Very high,Inactive,Very high,Very high,860,-326,-197,-19,-34,-40,,,
38.0340230465,Very high,Inactive,Very high,Very high,853,363,-184,-9,-25,-18,,,
38.0559477806,Very high,Inactive,Very high,Very high,920,612,-271,-3,-8,-3,,,
38.0752055645,Very high,Inactive,Very high,Very high,903,677,-104,1,8,6,,,
38.076526165,Very high,Inactive,Very high,Very high,,,,,,,0.3266128898,1.1820331812,0.7373259664
38.0955543518,Very high,Inactive,Very high,Very high,578,-122,1144,-2,19,0,,,
38.1161243916,Very high,Inactive,Very high,Very high,329,-570,1827,-5,17,-5,,,
38.1382920742,Very high,Inactive,Very high,Very high,160,-772,2227,-8,13,-6,,,
38.1438553333,Very high,Inactive,Very high,Very high,,,,,,,0.339215368,1.1725999117,0.7394222021
38.1568322182,Very high,Inactive,Very high,Very high,132,-754,2246,-9,11,-3,,,
38.1770560741,Very high,Inactive,Very high,Very high,310,-346,1597,-8,10,8,,,
38.1977105141,Very high,Inactive,Very high,Very high,398,-63,1178,-6,16,12,,,
38.2095768452,Very high,Inactive,Very high,Very high,,,,,,,0.3485734463,1.1611440182,0.7419680357
38.218208313,Very high,Inactive,Very high,Very high,870,642,806,-3,35,9,,,
38.2393789291,Very high,Inactive,Very high,Very high,1307,743,925,-3,39,5,,,
38.2588419914,Very high,Inactive,Very high,Very high,1731,590,1016,-3,34,4,,,
38.2721045017,Very high,Inactive,Very high,Very high,,,,,,,0.3665777743,1.1525299549,0.7438822389
38.2795190811,Very high,Inactive,Very high,Very high,2016,-6,477,1,36,7,,,
38.3014280796,Very high,Inactive,Very high,Very high,1920,-470,211,2,44,5,,,
38.3205502033,Very high,Inactive,Very high,Very high,1986,-1220,592,-3,41,-5,,,
38.3398761749,Very high,Inactive,Very high,Very high,,,,,,,0.4026786387,1.1538946629,0.7435789704
38.3408312798,Very high,Inactive,Very high,Very high,2123,-1158,946,-5,28,-8,,,
38.3617367744,Very high,Inactive,Very high,Very high,2202,-740,1028,-6,19,-11,,,
38.3822803497,Very high,Inactive,Very high,Very high,2127,259,964,-2,20,-13,,,
38.4060280323,Very high,Inactive,Very high,Very high,2192,487,1052,-1,21,-13,,,
38.4104185104,Very high,Inactive,Very high,Very high,,,,,,,0.4073581994,1.1586722136,0.7425172925
38.4225976467,Very high,Inactive,Very high,Very high,2242,527,1113,0,22,-11,,,
38.4439704418,Very high,Inactive,Very high,Very high,1963,0,1369,0,23,-9,,,
38.4651346207,Very high,Inactive,Very high,Very high,1814,-188,1722,-1,21,-9,,,
38.477011919,Very high,Inactive,Very high,Very high,,,,,,,0.404323101,1.1654150486,0.7410188913
38.4849438667,Very high,Inactive,Very high,Very high,1773,-285,2083,-2,16,-10,,,
38.5049600601,Very high,Inactive,Very high,Very high,1801,-254,2546,-3,6,-13,,,
38.5255255699,Very high,Inactive,Very high,Very high,1821,-174,2502,-3,6,-12,,,
38.5360648632,Very high,Inactive,Very high,Very high,,,,,,,0.3763401806,1.1743068695,0.7390428782
38.5465078354,Very high,Inactive,Very high,Very high,1837,-38,2355,-4,6,-8,,,
38.5667507648,Very high,Inactive,Very high,Very high,1879,-139,2167,-4,8,-9,,,
38.5868599415,Very high,Inactive,Very high,Very high,1879,-181,2181,-3,7,-9,,,
38.6042761803,Very high,Inactive,Very high,Very high,,,,,,,0.3738107979,1.1699104309,0.7400199175
38.6072721481,Very high,Inactive,Very high,Very high,1755,-135,2418,-3,2,-9,,,
38.6274437904,Very high,Inactive,Very high,Very high,1608,-166,2429,-4,1,-9,,,
38.644837141,Very high,Inactive,Very high,Very high,1430,-240,2383,-5,-1,-9,,,
38.6648187637,Very high,Inactive,Very high,Very high,1099,-302,2012,-8,-3,-8,,,
38.6729588509,Very high,Inactive,Very high,Very high,,,,,,,0.3442122042,1.1451165676,0.7455296516
38.6849138737,Very high,Inactive,Very high,Very high,1006,-291,1770,-9,-2,-8,,,
38.7054581642,Very high,Inactive,Very high,Very high,996,-268,1579,-9,-1,-10,,,
38.7257683277,Very high,Inactive,Very high,Very high,1059,-370,1514,-8,1,-10,,,
38.7316458225,Very high,Inactive,Very high,Very high,,,,,,,0.3437229395,1.1341605186,0.7479643226
38.7474522591,Very high,Inactive,Very high,Very high,1053,-522,1523,-8,-1,-10,,,
38.7672963142,Very high,Inactive,Very high,Very high,989,-659,1469,-9,-3,-10,,,
38.7877678871,Very high,Inactive,Very high,Very high,776,-648,1245,-13,-7,-14,,,
38.803306818,Very high,Inactive,Very high,Very high,,,,,,,0.3433093131,1.1406040192,0.7465324402
38.8077104092,Very high,Inactive,Very high,Very high,786,-470,1147,-13,-8,-14,,,
38.8289048672,Very high,Inactive,Very high,Very high,999,-297,1113,-9,-3,-14,,,
38.8499054909,Very high,Inactive,Very high,Very high,1050,-401,1194,-8,-4,-13,,,
38.8701198101,Very high,Inactive,Very high,Very high,1025,-512,1264,-9,-7,-13,,,
38.8728275299,Very high,Inactive,Very high,Very high,,,,,,,0.3615767658,1.1545745134,0.7434278727
38.889765501,Very high,Inactive,Very high,Very high,937,-500,1290,-11,-10,-16,,,
38.9108817577,Very high,Inactive,Very high,Very high,927,-406,1233,-10,-9,-15,,,
38.9305484295,Very high,Inactive,Very high,Very high,,,,,,,0.3600763679,1.1442101002,0.7457311153
38.9307999611,Very high,Inactive,Very high,Very high,932,-307,1144,-9,-7,-13,,,
38.9520037174,Very high,Inactive,Very high,Very high,992,-178,1027,-7,-2,-8,,,
38.9719815254,Very high,Inactive,Very high,Very high,985,-187,1009,-7,-2,-6,,,
38.992310524,Very high,Inactive,Very high,Very high,954,-218,964,-6,-2,-4,,,
39.0010437965,Very high,Inactive,Very high,Very high,,,,,,,0.3663952947,1.1443862915,0.7456918955
39.0130009651,Very high,Inactive,Very high,Very high,903,-245,771,-5,2,-3,,,
39.0335993767,Very high,Inactive,Very high,Very high,912,-255,732,-4,4,-3,,,
39.053789854,Very high,Inactive,Very high,Very high,933,-321,751,-4,5,-3,,,
39.0711131096,Very high,Inactive,Very high,Very high,,,,,,,0.3714800775,1.1338814497,0.748026371
39.0742998123,Very high,Inactive,Very high,Very high,939,-306,814,-4,3,-2,,,
39.0952262878,Very high,Inactive,Very high,Very high,943,-309,679,-4,3,0,,,
39.1152374744,Very high,Inactive,Very high,Very high,977,-276,445,-2,9,2,,,
39.1303679943,Very high,Inactive,Very high,Very high,,,,,,,0.3756122291,1.1291447878,0.7490789294
39.1362586021,Very high,Inactive,Very high,Very high,938,-242,480,-1,10,3,,,
39.156126976,Very high,Inactive,Very high,Very high,870,-241,534,0,11,4,,,
39.1771206856,Very high,Inactive,Very high,Very high,722,-261,601,-1,15,2,,,
39.2014689445,Very high,Inactive,Very high,Very high,691,-314,653,-1,17,0,,,
39.2084136009,Very high,Inactive,Very high,Very high,,,,,,,0.3648325503,1.1002891064,0.7554913163
39.2213842869,Very high,Inactive,Very high,Very high,797,-386,826,-1,18,-1,,,
39.2428159714,Very high,Inactive,Very high,Very high,878,-397,930,0,18,0,,,
39.2627363205,Very high,Inactive,Very high,Very high,926,-409,1024,0,16,2,,,
39.2747182846,Very high,Inactive,Very high,Very high,,,,,,,0.4095692933,0.9995798469,0.7778711319
39.2832241058,Very high,Inactive,Very high,Very high,949,-486,1203,-1,14,3,,,
39.3039741516,Very high,Inactive,Very high,Very high,940,-529,1268,-1,13,3,,,
39.32447505,Very high,Inactive,Very high,Very high,923,-542,1342,-1,11,3,,,
39.3410458565,Very high,Inactive,Very high,Very high,,,,,,,0.4345028996,0.9976643324,0.7782968283
39.3442578316,Very high,Inactive,Very high,Very high,925,-529,1414,-3,7,3,,,
39.3646929264,Very high,Inactive,Very high,Very high,938,-504,1396,-4,5,3,,,
39.3817334175,Very high,Inactive,Very high,Very high,953,-465,1354,-5,3,2,,,
39.4000151157,Very high,Inactive,Very high,Very high,,,,,,,0.4843045771,1.0065705776,0.776317656
39.4029817581,Very high,Inactive,Very high,Very high,963,-475,1285,-6,2,2,,,
39.4229719639,Very high,Inactive,Very high,Very high,929,-491,1313,-8,0,3,,,
39.4428703785,Very high,Inactive,Very high,Very high,882,-507,1348,-9,-2,3,,,
39.4630453587,Very high,Inactive,Very high,Very high,853,-671,1235,-11,-3,1,,,
39.4710474014,Very high,Inactive,Very high,Very high,,,,,,,0.4044137597,1.022171855,0.7728506923
39.4837579727,Very high,Inactive,Very high,Very high,826,-739,1019,-11,1,-1,,,
39.5048480034,Very high,Inactive,Very high,Very high,750,-582,567,-10,7,-6,,,
39.5249147415,Very high,Inactive,Very high,Very high,680,-323,356,-9,9,-6,,,
39.5367054939,Very high,Inactive,Very high,Very high,,,,,,,0.4215979278,0.9939148426,0.7791300416
39.5450766087,Very high,Inactive,Very high,Very high,590,-50,131,-8,14,-8,,,
39.5660333633,Very high,Inactive,Very high,Very high,477,67,64,-4,16,-17,,,
39.5866158009,Very high,Inactive,Very high,Very high,487,189,246,0,14,-15,,,
39.6078789234,Very high,Walking,Very high,Very high,,,,,,,0.3818863928,0.9104360342,0.7976808548
39.6080081463,Very high,Walking,Very high,Very high,476,288,495,3,14,-9,,,
39.6268174648,Very high,Walking,Very high,Very high,607,-114,952,5,17,1,,,
39.6498069763,Very high,Walking,Very high,Very high,797,-206,1046,5,14,3,,,
39.6716492176,Very high,Walking,Very high,Very high,988,-208,1067,4,9,2,,,
39.6761682034,Very high,Walking,Very high,Very high,,,,,,,0.4074141085,0.9155843258,0.7965368032
39.6884424686,Very high,Walking,Very high,Very high,1120,-169,951,5,1,9,,,
39.7089550495,Very high,Walking,Very high,Very high,1152,-326,838,6,2,10,,,
39.7297229767,Very high,Walking,Very high,Very high,1345,-847,866,6,-1,5,,,
39.7384233475,Very high,Walking,Very high,Very high,,,,,,,0.4037798047,0.9366269708,0.7918606997
39.7500531673,Very high,Walking,Very high,Very high,1447,-950,899,5,-6,3,,,
39.771074295,Very high,Walking,Very high,Very high,1508,-763,843,4,-8,1,,,
39.7907793522,Very high,Walking,Very high,Very high,1340,-322,441,3,-10,-1,,,
39.7974977493,Very high,Walking,Very high,Very high,,,,,,,0.4406135678,0.9689767361,0.7846718431
39.8118648529,Very high,Walking,Very high,Very high,1152,-370,300,2,-10,-3,,,
39.8319945335,Very high,Walking,Very high,Very high,986,-469,349,0,-13,-5,,,
39.85221982,Very high,Walking,Very high,Very high,712,-435,356,-3,-17,-9,,,
39.869549036,Very high,Walking,Very high,Very high,,,,,,,0.3297151029,0.9411000013,0.790866673
39.8728713989,Very high,Walking,Very high,Very high,609,-318,216,-4,-17,-11,,,
39.8934776783,Very high,Walking,Very high,Very high,518,-146,68,-5,-13,-12,,,
39.9139473438,Very high,Walking,Very high,Very high,354,-50,-202,-5,-3,-15,,,
39.9360551834,Very high,Walking,Very high,Very high,282,-232,-247,-5,1,-18,,,
39.9393765926,Very high,Walking,Very high,Very high,,,,,,,0.3032825887,0.9084047675,0.7981323004
39.954523325,Very high,Walking,Very high,Very high,388,-520,-74,-3,4,-20,,,
39.9756700993,Very high,Walking,Very high,Very high,480,-402,39,-1,4,-17,,,
39.9959664345,Very high,Walking,Very high,Very high,456,-380,80,0,4,-13,,,
40.0127341747,Very high,Walking,Very high,Very high,,,,,,,0.3327938914,0.8777428865,0.8049460053
40.0161819458,Very high,Walking,Very high,Very high,304,-587,69,0,1,-11,,,
40.0368754864,Very high,Walking,Very high,Very high,-68,-977,-133,2,0,-7,,,
40.0574154854,Very high,Walking,Very high,Very high,-196,-1150,-69,3,2,-5,,,
40.0782403946,Very high,Walking,Very high,Very high,-810,-1390,494,0,-13,3,,,
40.0955326557,Very high,Walking,Very high,Very high,,,,,,,0.3679736853,0.8295032978,0.8156659603
40.0978233814,Very high,Walking,Very high,Very high,-1171,-1355,670,1,-16,4,,,
40.1184234619,Very high,Walking,Very high,Very high,-1471,-1343,922,3,-15,3,,,
40.1392505169,Very high,Walking,Very high,Very high,-2197,-1587,1266,0,-22,2,,,
40.1597929001,Very high,Walking,Very high,Very high,-2462,-1890,1259,0,-23,-5,,,
40.1751608849,Very high,Walking,Very high,Very high,,,,,,,0.3323863149,0.756359458,0.8319201469
40.1798591614,Very high,Walking,Very high,Very high,-2645,-2109,1429,1,-26,-9,,,
40.2019386292,Very high,Walking,Very high,Very high,-2791,-2136,1837,1,-39,-13,,,
40.2209551334,Very high,Walking,Very high,Very high,-2843,-1850,1829,2,-42,-13,,,
40.2426671982,Very high,Walking,Very high,Very high,-2854,-1189,1351,-1,-42,-11,,,
40.2617230415,Very high,Walking,Very high,Very high,-2858,-962,1088,-2,-39,-13,,,
40.2624280453,Very high,Walking,Very high,Very high,,,,,,,0.3307893574,0.709926188,0.842238605
40.2824735641,Very high,Walking,Very high,Very high,-2985,-712,877,-2,-33,-17,,,
40.3036715984,Very high,Walking,Very high,Very high,-2950,522,1340,2,-14,-23,,,
40.3232996464,Very high,Walking,Very high,Very high,-2437,1051,2476,5,-8,-25,,,
40.3434581757,Very high,Walking,Very high,Very high,,,,,,,0.3360418677,0.6682977676,0.8514893651
40.3437530994,Very high,Walking,Very high,Very high,-1693,920,3830,1,-4,-31,,,
40.3645381927,Very high,Walking,Very high,Very high,-1009,-799,6360,-23,-20,-45,,,
40.3856346607,Very high,Walking,Very high,Very high,-1215,-937,7210,-32,-34,-50,,,
40.406567812,Very high,Walking,Very high,Very high,-1000,-298,7425,-35,-39,-49,,,
40.4226350784,Very high,Walking,Very high,Very high,,,,,,,0.244714126,0.6120898128,0.8639800549
40.4255039692,Very high,Walking,Very high,Very high,800,789,6679,-30,-31,-17,,,
40.4468872547,Very high,Walking,Very high,Very high,1968,958,6100,-27,-19,6,,,
40.4624755383,Very high,Walking,Very high,Very high,3777,538,5162,-22,-9,26,,,
40.4835643768,Very high,Walking,Very high,Very high,4505,393,4813,-23,-12,32,,,
40.5037686825,Very high,Walking,Very high,Very high,5217,661,4328,-24,-17,37,,,
40.5042097569,Very high,Walking,Very high,Very high,,,,,,,0.1941191703,0.5786802769,0.8714044094
40.5240516663,Very high,Walking,Very high,Very high,6466,1910,2563,-15,-12,38,,,
40.5445940495,Very high,Walking,Very high,Very high,6673,2179,1803,-3,-3,32,,,
40.5650241375,Very high,Walking,Very high,Very high,6198,1909,1368,7,2,29,,,
40.5699565411,Very high,Walking,Very high,Very high,,,,,,,0.3333333433,0.217340216,0.9517021775
40.5934612751,Very high,Walking,Very high,Very high,-1819,-607,3927,-29,-26,8,,,
40.6147174835,Very high,Walking,Very high,Very high,-987,-598,2792,-33,-17,18,,,
40.6369674206,Very high,Walking,Very high,Very high,289,-578,2185,-34,-10,35,,,
40.645308733,Very high,Walking,Very high,Very high,,,,,,,0.3333333433,0.2006132305,0.955419302
40.65523839,Very high,Walking,Very high,Very high,1942,-144,1856,-31,-3,62,,,
40.6756267548,Very high,Walking,Very high,Very high,4935,1058,745,-24,27,75,,,
40.6963484287,Very high,Walking,Very high,Very high,5772,524,1367,-8,37,44,,,
40.7165873051,Very high,Walking,Very high,Very high,6150,146,2891,4,22,43,,,
40.7210459709,Very high,Walking,Very high,Very high,,,,,,,0.3682439923,0.5157452822,0.885389924
40.7373862267,Very high,Walking,Very high,Very high,6281,1283,3481,16,17,68,,,
40.7574520111,Very high,Walking,Very high,Very high,6027,1676,3385,23,24,68,,,
40.778781414,Very high,Walking,Very high,Very high,5629,1431,3628,25,29,71,,,
40.7987351418,Very high,Walking,Very high,Very high,4995,594,3876,26,20,70,,,
40.8130168915,Very high,Walking,Very high,Very high,,,,,,,0.4211878181,0.5379956365,0.8804454207
40.8187291622,Very high,Walking,Very high,Very high,4584,307,3573,27,16,66,,,
40.8395428658,Very high,Walking,Very high,Very high,4193,119,3097,27,13,63,,,
40.8598406315,Very high,Walking,Very high,Very high,3323,222,1490,25,13,61,,,
40.8806188107,Very high,Walking,Very high,Very high,2689,37,631,25,13,56,,,
40.9014515877,Very high,Walking,Very high,Very high,1088,-463,-1224,26,8,60,,,
40.9053065777,Very high,Walking,Very high,Very high,,,,,,,0.3658733964,0.4851763844,0.8921830058
40.9213531017,Very high,Walking,Very high,Very high,209,-596,-2258,23,7,63,,,
40.9432537556,Very high,Walking,Very high,Very high,-696,-686,-3260,17,3,62,,,
40.9621679783,Very high,Walking,Very high,Very high,-2159,-902,-4733,-4,0,31,,,
40.9826610088,Very high,Walking,Very high,Very high,-2267,-1035,-4881,-11,-2,15,,,
40.9994792938,Very high,Walking,Very high,Very high,,,,,,,0.2599229813,0.5016416907,0.8885240555
41.0037689209,Very high,Walking,Very high,Very high,-2143,-1186,-4466,-16,-5,-1,,,
41.0241184235,Very high,Walking,Very high,Very high,-2201,-921,-1664,-12,-3,-35,,,
41.0447025299,Very high,Walking,Very high,Very high,-2081,-148,1000,-1,6,-44,,,
41.0646009445,Very high,Walking,Very high,Very high,-765,403,3778,5,-3,-6,,,
41.0720849037,Very high,Walking,Very high,Very high,,,,,,,0.2553825378,0.5198989511,0.8844668865
41.0849981308,Very high,Walking,Very high,Very high,1473,930,4473,1,-15,41,,,
41.1058046818,Very high,Walking,Very high,Very high,1848,1451,3827,3,-7,35,,,
41.1264748573,Very high,Walking,Very high,Very high,1056,1104,3594,6,3,23,,,
41.1421911716,Very high,Walking,Very high,Very high,,,,,,,0.2900032103,0.5838466883,0.8702563047
41.1465911865,Very high,Walking,Very high,Very high,788,835,3741,6,-5,25,,,
41.1682729721,Very high,Walking,Very high,Very high,670,794,3461,5,-11,33,,,
41.1898517609,Very high,Walking,Very high,Very high,965,1210,1783,12,-7,66,,,
41.2083661556,Very high,Walking,Very high,Very high,1106,1628,1003,16,3,86,,,
41.2126719952,Very high,Walking,Very high,Very high,,,,,,,0.2665491402,0.6183083057,0.8625981808
41.2288045883,Very high,Walking,Very high,Very high,1094,2076,445,19,17,108,,,
41.250929594,Very high,Walking,Very high,Very high,1118,2061,399,11,54,107,,,
41.2659451962,Very high,Walking,Very high,Very high,1866,1792,1319,5,62,86,,,
41.286082983,Very high,Walking,Very high,Very high,2774,1731,2225,4,54,77,,,
41.2908744812,Very high,Walking,Very high,Very high,,,,,,,0.3253124356,0.6864799857,0.8474488854
41.306596756,Very high,Walking,Very high,Very high,3719,2534,2862,6,34,80,,,
41.3266098499,Very high,Walking,Very high,Very high,3793,3209,2896,8,30,80,,,
41.3483886719,Very high,Walking,Very high,Very high,3568,3621,2842,7,29,73,,,
41.3688223362,Very high,Walking,Very high,Very high,4187,4291,2568,9,17,42,,,
41.3773212433,Very high,Walking,Very high,Very high,,,,,,,0.4062244892,0.8133024573,0.8192661405
41.3882498741,Very high,Walking,Very high,Very high,4365,4334,2251,15,14,30,,,
41.4086961746,Very high,Walking,Very high,Very high,4681,3652,2016,22,26,40,,,
41.4295558929,Very high,Walking,Very high,Very high,4689,3393,2099,24,25,50,,,
41.4506585598,Very high,Walking,Very high,Very high,4579,3226,2046,25,20,57,,,
41.451687336,Very high,Walking,Very high,Very high,,,,,,,0.3792428076,0.921361506,0.7952529788
41.4704978466,Very high,Walking,Very high,Very high,4538,2952,1604,25,16,58,,,
41.4911162853,Very high,Walking,Very high,Very high,4566,2756,1357,26,17,51,,,
41.5112292767,Very high,Walking,Very high,Very high,4449,2503,1189,27,17,42,,,
41.5320663452,Very high,Walking,Very high,Very high,3785,1966,1094,28,12,25,,,
41.542224884,Very high,Walking,Very high,Very high,,,,,,,0.3145554364,0.9167236686,0.7962836027
41.5519256592,Very high,Walking,Very high,Very high,3483,1893,1040,27,13,22,,,
41.5736203194,Very high,Walking,Very high,Very high,3371,1857,1065,25,11,26,,,
41.5929718018,Very high,Walking,Very high,Very high,3228,2038,929,23,7,34,,,
41.6143352985,Very high,Walking,Very high,Very high,3042,2096,833,22,5,36,,,
41.6241018772,Very high,Walking,Very high,Very high,,,,,,,0.3267216086,0.9941974282,0.7790672183
41.6348814964,Very high,Walking,Very high,Very high,2805,2023,674,19,3,37,,,
41.6551856995,Very high,Walking,Very high,Very high,2691,2022,545,19,2,37,,,
41.6762261391,Very high,Walking,Very high,Very high,2500,2040,399,19,3,36,,,
41.6955895424,Very high,Walking,Very high,Very high,2066,1947,193,20,10,29,,,
41.708933115,Very high,Walking,Very high,Very high,,,,,,,0.3562026322,1.0090516806,0.7757663131
41.7198672295,Very high,Inactive,Very high,Very high,1955,1828,261,21,15,25,,,
41.7424919605,Very high,Inactive,Very high,Very high,2025,1711,782,22,17,24,,,
41.7618815899,Very high,Inactive,Very high,Very high,2073,1633,983,21,16,25,,,
41.7821977139,Very high,Inactive,Very high,Very high,2104,1550,1131,19,13,25,,,
41.7897560596,Very high,Inactive,Very high,Very high,,,,,,,0.3620965481,1.0337486267,0.7702780962
41.802500248,Very high,Inactive,Very high,Very high,1992,1401,1190,15,10,22,,,
41.8222324848,Very high,Inactive,Very high,Very high,1869,1342,1115,14,10,19,,,
41.8437242508,Very high,Inactive,Very high,Very high,1749,1266,992,12,12,14,,,
41.8638148308,Very high,Inactive,Very high,Very high,1675,1018,502,10,14,9,,,
41.8785245419,Very high,Inactive,Very high,Very high,,,,,,,0.3617717326,1.0492479801,0.7668337822
41.883654356,Very high,Inactive,Very high,Very high,1763,910,325,10,18,4,,,
41.9047245979,Very high,Inactive,Very high,Very high,1945,804,435,9,20,0,,,
41.9246993065,Very high,Inactive,Very high,Very high,2201,715,876,5,14,-8,,,
41.9452123642,Very high,Inactive,Very high,Very high,2116,617,964,4,12,-12,,,
41.9533307552,Very high,Inactive,Very high,Very high,,,,,,,0.3458756506,1.0719774961,0.7617827654
41.965798378,Very high,Inactive,Very high,Very high,1973,473,975,2,12,-13,,,
41.982260704,Very high,Inactive,Very high,Very high,1722,214,965,0,13,-11,,,
42.0046699047,Very high,Inactive,Very high,Very high,1736,137,1010,0,14,-11,,,
42.0236339569,Very high,Inactive,Very high,Very high,2034,145,1414,0,18,-12,,,
42.0421276093,Very high,Inactive,Very high,Very high,,,,,,,0.3225750625,1.082968235,0.7593404055
42.0435245037,Very high,Inactive,Very high,Very high,2258,229,1808,-1,18,-10,,,
42.0639591217,Very high,Inactive,Very high,Very high,2487,299,2155,-1,16,-6,,,
42.0848069191,Very high,Inactive,Very high,Very high,2851,356,2515,1,12,10,,,
42.1058542728,Very high,Inactive,Very high,Very high,2924,349,2527,2,10,21,,,
42.1160342693,Very high,Inactive,Very high,Very high,,,,,,,0.3372655809,1.0945607424,0.7567642927
42.1254379749,Very high,Inactive,Very high,Very high,2842,308,2380,2,7,31,,,
42.1459422112,Very high,Inactive,Very high,Very high,2376,386,1623,1,7,40,,,
42.1676595211,Very high,Inactive,Very high,Very high,1969,405,1305,0,10,38,,,
42.1873800755,Very high,Inactive,Very high,Very high,1459,420,1100,-2,13,32,,,
42.2077431679,Very high,Inactive,Very high,Very high,,,,,,,0.3577332199,1.1043182611,0.7545959353
42.2081935406,Very high,Inactive,Very high,Very high,657,945,1087,-6,15,13,,,
42.2278628349,Very high,Inactive,Very high,Very high,657,1431,1293,-6,14,9,,,
42.2488865852,Very high,Inactive,Very high,Very high,1341,2191,1710,-1,17,14,,,
42.268835783,Very high,Inactive,Very high,Very high,1701,2326,1947,2,18,16,,,
42.2762181759,Very high,Inactive,Very high,Very high,,,,,,,0.3630285561,1.1108409166,0.7531464696
42.2895824909,Very high,Inactive,Very high,Very high,1897,2268,2118,2,15,16,,,
42.3100116253,Very high,Inactive,Very high,Very high,1862,2084,2123,1,10,13,,,
42.3306260109,Very high,Inactive,Very high,Very high,1532,1873,1845,0,7,7,,,
42.3434095383,Very high,Inactive,Very high,Very high,,,,,,,0.4841245115,1.1211631298,0.7508526444
42.3508665562,Very high,Inactive,Very high,Very high,1435,1908,1682,0,9,6,,,
42.3717279434,Very high,Inactive,Very high,Very high,1439,2075,1648,1,8,6,,,
42.391685009,Very high,Inactive,Very high,Very high,1564,2107,1695,0,6,4,,,
42.4113810062,Very high,Inactive,Very high,Very high,,,,,,,0.4667017162,1.1289548874,0.7491211295
42.4122433662,Very high,Inactive,Very high,Very high,1637,2116,1741,0,4,4,,,
42.4336373806,Very high,Inactive,Very high,Very high,1610,2019,1626,1,0,4,,,
42.453214407,Very high,Inactive,Very high,Very high,1540,1991,1548,2,-2,4,,,
42.4750552177,Very high,Inactive,Very high,Very high,1443,1961,1499,2,-3,4,,,
42.4906060696,Very high,Inactive,Very high,Very high,,,,,,,0.4596945941,1.1415947676,0.7463122606
42.4939670563,Very high,Inactive,Very high,Very high,1342,1908,1464,1,-4,3,,,
42.5148215294,Very high,Inactive,Very high,Very high,1355,1850,1439,1,-5,2,,,
42.5374336243,Very high,Inactive,Very high,Very high,1468,1657,1367,0,-7,0,,,
42.5568621159,Very high,Inactive,Very high,Very high,1494,1571,1316,-1,-9,-1,,,
42.5766310692,Very high,Inactive,Very high,Very high,1471,1511,1233,-2,-9,0,,,
42.5775048733,Very high,Inactive,Very high,Very high,,,,,,,0.4559332728,1.1491144896,0.7446411848
42.5964891911,Very high,Inactive,Very high,Very high,1358,1432,1033,-2,-8,-1,,,
42.6172831059,Very high,Inactive,Very high,Very high,1307,1385,938,-2,-7,-2,,,
42.6387488842,Very high,Inactive,Very high,Very high,1286,1314,874,-2,-6,-3,,,
42.6464471817,Very high,Inactive,Very high,Very high,,,,,,,0.4554311931,1.1531590223,0.743742466
42.6582913399,Very high,Inactive,Very high,Very high,1288,1185,748,-2,-4,-7,,,
42.6785087585,Very high,Inactive,Very high,Very high,1327,1119,712,-2,-3,-8,,,
42.6990439892,Very high,Inactive,Very high,Very high,1358,1032,690,-3,-1,-9,,,
42.7099964619,Very high,Inactive,Very high,Very high,,,,,,,0.4517573714,1.1526312828,0.7438597083
42.7193081379,Very high,Inactive,Very high,Very high,1403,870,656,-4,1,-9,,,
42.7406954765,Very high,Inactive,Very high,Very high,1384,814,566,-6,2,-10,,,
42.7611572742,Very high,Inactive,Very high,Very high,1338,794,440,-7,3,-11,,,
42.7750442028,Very high,Inactive,Very high,Very high,,,,,,,0.4506763518,1.1532379389,0.7437249422
42.780933857,Very high,Inactive,Very high,Very high,1213,961,306,-6,7,-11,,,
42.8024349213,Very high,Inactive,Very high,Very high,1150,1118,353,-6,10,-10,,,
42.8219177723,Very high,Inactive,Very high,Very high,1107,1264,511,-6,12,-8,,,
42.8424236774,Very high,Inactive,Very high,Very high,1053,1455,1005,-4,15,-6,,,
42.8459961414,Very high,Inactive,Very high,Very high,,,,,,,0.4519978464,1.1526551247,0.7438544035
42.863489151,Very high,Inactive,Very high,Very high,1061,1439,1313,-5,14,-7,,,
42.8834178448,Very high,Inactive,Very high,Very high,1197,1265,1619,-9,10,-5,,,
42.9057195187,Very high,Inactive,Very high,Very high,1236,1136,1496,-11,9,-3,,,
42.9189198017,Very high,Inactive,Very high,Very high,,,,,,,0.4547328353,1.1436735392,0.7458503246
42.9239742756,Very high,Inactive,Very high,Very high,1287,1033,1307,-11,12,-2,,,
42.9446382523,Very high,Inactive,Very high,Very high,1270,979,1175,-11,12,-1,,,
42.9650628567,Very high,Inactive,Very high,Very high,1183,968,1018,-11,12,1,,,
42.9896473885,Very high,Inactive,Very high,Very high,1160,985,961,-11,14,1,,,
43.0011782646,Very high,Inactive,Very high,Very high,,,,,,,0.4639097154,1.1360362768,0.7475475073
43.0060367584,Very high,Inactive,Very high,Very high,1221,1033,988,-12,14,0,,,
43.0271425247,Very high,Inactive,Very high,Very high,1274,1110,1055,-13,12,1,,,
43.0472223759,Very high,Inactive,Very high,Very high,1150,1310,1410,-14,8,4,,,
43.0683701038,Very high,Inactive,Very high,Very high,1035,1338,1646,-13,5,5,,,
43.07934165,Very high,Inactive,Very high,Very high,,,,,,,0.4883354902,1.1448529959,0.7455881834
43.0878641605,Very high,Inactive,Very high,Very high,980,1305,1875,-12,3,6,,,
43.1089448929,Very high,Inactive,Very high,Very high,977,1210,2246,-10,-1,7,,,
43.1292150021,Very high,Inactive,Very high,Very high,997,1236,2361,-9,-3,9,,,
43.150673151,Very high,Inactive,Very high,Very high,995,1271,2413,-9,-6,10,,,
43.1687576771,Very high,Inactive,Very high,Very high,,,,,,,0.4969612062,1.1451900005,0.74551332
43.1703286171,Very high,Inactive,Very high,Very high,932,1256,2359,-7,-11,9,,,
43.1906590462,Very high,Inactive,Very high,Very high,902,1253,2292,-6,-13,9,,,
43.2113046646,Very high,Inactive,Very high,Very high,878,1308,2146,-5,-14,8,,,
43.2316153049,Very high,Inactive,Very high,Very high,865,1322,2104,-4,-14,8,,,
43.2519831657,Very high,Inactive,Very high,Very high,837,1301,2080,-3,-14,8,,,
43.2625689507,Very high,Inactive,Very high,Very high,,,,,,,0.492228061,1.1427671909,0.7460517287
43.2728815079,Very high,Inactive,Very high,Very high,798,1231,2029,-2,-17,9,,,
43.2927701473,Very high,Inactive,Very high,Very high,781,1192,1932,-2,-18,10,,,
43.3137054443,Very high,Inactive,Very high,Very high,739,1151,1836,-2,-18,9,,,
43.3343472481,Very high,Inactive,Very high,Very high,623,1085,1680,-2,-18,9,,,
43.3458378315,Very high,Inactive,Very high,Very high,,,,,,,0.4840165377,1.1352654696,0.747718811
43.3541021347,Very high,Inactive,Very high,Very high,602,1058,1656,-2,-17,10,,,
43.3750958443,Very high,Inactive,Very high,Very high,582,1039,1664,-2,-16,10,,,
43.3951089382,Very high,Inactive,Very high,Very high,577,1057,1679,-3,-17,10,,,
43.4166426659,Very high,Inactive,Very high,Very high,592,1043,1682,-3,-17,10,,,
43.4346904755,Very high,Inactive,Very high,Very high,,,,,,,0.4787597954,1.1357008219,0.7476220131
43.4365637302,Very high,Inactive,Very high,Very high,561,1054,1778,-4,-19,10,,,
43.4565544128,Very high,Inactive,Very high,Very high,508,1070,1731,-5,-21,11,,,
43.4775524139,Very high,Inactive,Very high,Very high,498,1099,1544,-5,-21,9,,,
43.4978969097,Very high,Inactive,Very high,Very high,469,1153,1385,-3,-14,8,,,
